0
0
0
0
0
0
0
0
0
0
0
0
0
0
0
0
0
0
0
0
0
0
0
0
0
0
0
0
0
0
0
0
0
0
0
0
0
0
0
0
0
0
0
0
0
0
0
0
0
0
0
0
0
0
0
0
0
0
0
0
0
0
0
0
0
0
0
0
0
0
0
0
0
0
0
0
0
0
0
0
0
0
0
0
0
0
0
0
0
0
0
0
0
0
0
0
0
0
0
0
0
4
6
5
9
11
11
13
16
16
20
18
17
24
23
18
32
29
20
30
28
26
18
18
19
18
19
19
21
19
22
20
24
22
29
25
29
28
31
29
31
34
35
40
33
33
35
39
34
32
30
36
32
33
38
36
32
38
36
34
35
33
34
34
34
35
37
31
33
35
38
32
35
34
35
33
33
38
39
25
31
31
36
36
35
31
39
29
36
30
43
29
36
31
39
32
33
34
38
36
0
1
1
0
2
2
0
3
3
0
2
2
1
2
2
1
3
3
1
4
4
1
2
2
1
1
1
1
1
1
2
1
3
1
4
1
7
1
4
3
7
1
5
3
7
1
5
3
7
1
5
3
7
1
5
3
7
1
5
3
7
1
5
3
7
1
5
3
7
1
5
3
7
1
5
3
7
1
5
3
7
1
5
3
7
1
5
3
7
1
5
3
7
1
5
3
7
1
5
3
0
6
6
2
6
6
3
5
5
4
5
5
4
5
5
5
5
5
5
5
5
6
5
5
6
6
6
5
6
6
6
5
6
6
6
7
10
5
9
7
9
5
11
6
8
9
11
5
12
6
8
3
6
4
8
4
7
4
8
6
7
4
8
6
7
7
9
11
8
9
9
12
8
9
9
12
8
9
9
12
8
9
9
12
8
9
9
12
8
9
9
12
8
9
9
12
8
9
9
12
