0
0
0
0
0
0
0
0
0
0
0
0
0
0
0
0
0
0
0
0
0
0
0
0
0
0
0
0
0
0
0
0
0
0
0
0
0
0
0
0
0
0
0
0
0
0
0
0
0
0
0
0
0
0
0
0
0
0
0
0
0
0
0
0
0
0
0
0
0
0
0
0
0
0
0
0
0
0
0
0
0
0
0
0
0
0
0
0
0
0
0
0
0
0
0
0
0
0
0
0
2
2
2
4
5
6
7
10
12
14
16
20
23
20
21
26
24
24
30
32
32
28
35
32
23
20
18
15
7
9
9
11
9
13
11
17
11
16
16
19
17
18
21
22
27
20
20
22
26
23
19
17
22
19
21
25
22
19
24
23
21
21
21
21
21
21
22
24
18
20
22
25
19
22
22
22
20
20
25
25
13
18
18
23
22
21
18
25
16
23
18
30
16
23
18
26
19
20
21
25
1
1
1
2
2
2
3
3
3
5
5
5
4
4
4
2
2
2
3
3
3
6
6
6
5
5
5
2
2
2
2
3
2
4
2
5
2
8
2
5
4
8
2
6
4
8
2
6
4
8
2
6
4
8
2
6
4
8
2
6
4
8
2
6
4
8
2
6
4
8
2
6
4
8
2
6
4
8
2
6
4
8
2
6
4
8
2
6
4
8
2
6
4
8
2
6
4
8
2
6
2
2
2
6
6
6
7
7
7
5
5
5
4
4
4
3
3
3
2
2
2
2
3
2
2
3
3
3
2
3
3
3
2
3
3
2
1
6
5
9
6
10
7
9
7
10
7
13
10
15
13
18
13
11
8
10
3
6
3
7
5
6
3
7
5
6
5
7
9
6
7
7
10
6
7
7
10
6
7
7
10
6
7
7
10
6
7
7
10
6
7
7
10
6
7
7
10
6
7
7
