------------------------------ 
Day: 0
------------------------------ 
  0  0  0  0  0  0  0  0  0  0
  0  0  0  0  0  0  0  0  0  0
  0  0  0  0  0  0  0  0  0  0
  0  0  0  0  0  0  0  0  0  0
  0  0  0  0  0  0  0  0  0  0
  0  0  0  0  0  0  0  0  0  0
  0  0  0  0  0  0  0  0  0  0
  0  0  0  0  0  0  0  0  0  0
  0  0  0  0  0  0  2  0  0  0
  0  0  0  0  0  0  0  0  0  0

------------------------------ 
Day: 1
------------------------------ 
  0  0  0  0  0  0  0  0  0  0
  0  0  0  0  0  0  0  0  0  0
  0  0  0  0  0  0  0  0  0  0
  0  0  0  0  0  0  0  0  0  0
  0  0  0  0  0  0  0  0  0  0
  0  0  0  0  0  0  0  0  0  0
  0  0  0  0  0  0  0  0  0  0
  0  0  0  0  0  0  1  0  0  0
  0  0  0  0  0  0  2  0  0  0
  0  0  0  0  0  0  0  0  0  0

------------------------------ 
Day: 2
------------------------------ 
  0  0  0  0  0  0  0  0  0  0
  0  0  0  0  0  0  0  0  0  0
  0  0  0  0  0  0  0  0  0  0
  0  0  0  0  0  0  0  0  0  0
  0  0  0  0  0  0  0  0  0  0
  0  0  0  0  0  0  0  0  0  0
  0  0  0  0  0  0  0  0  0  0
  0  0  0  0  0  0  1  0  0  0
  0  0  0  0  0  0  2  0  0  0
  0  0  0  0  0  0  0  0  0  0

------------------------------ 
Day: 3
------------------------------ 
  0  0  0  0  0  0  0  0  0  0
  0  0  0  0  0  0  0  0  0  0
  0  0  0  0  0  0  0  0  0  0
  0  0  0  0  0  0  0  0  0  0
  0  0  0  0  0  0  0  0  0  0
  0  0  0  0  0  0  0  0  0  0
  0  0  0  0  0  0  0  0  0  0
  0  0  0  0  0  0  2  0  0  0
  0  0  0  0  0  0  2  0  0  0
  0  0  0  0  0  0  0  0  0  0

------------------------------ 
Day: 4
------------------------------ 
  0  0  0  0  0  0  0  0  0  0
  0  0  0  0  0  0  0  0  0  0
  0  0  0  0  0  0  0  0  0  0
  0  0  0  0  0  0  0  0  0  0
  0  0  0  0  0  0  0  0  0  0
  0  0  0  0  0  0  0  0  0  0
  0  0  0  0  0  0  1  0  0  0
  0  0  0  0  0  0  2  1  0  0
  0  0  0  0  0  0  2  0  0  0
  0  0  0  0  0  0  0  0  0  0

------------------------------ 
Day: 5
------------------------------ 
  0  0  0  0  0  0  0  0  0  0
  0  0  0  0  0  0  0  0  0  0
  0  0  0  0  0  0  0  0  0  0
  0  0  0  0  0  0  0  0  0  0
  0  0  0  0  0  0  0  0  0  0
  0  0  0  0  0  0  0  0  0  0
  0  0  0  0  0  0  1  0  0  0
  0  0  0  0  0  0  2  1  0  0
  0  0  0  0  0  0  2  0  0  0
  0  0  0  0  0  0  0  0  0  0

------------------------------ 
Day: 6
------------------------------ 
  0  0  0  0  0  0  0  0  0  0
  0  0  0  0  0  0  0  0  0  0
  0  0  0  0  0  0  0  0  0  0
  0  0  0  0  0  0  0  0  0  0
  0  0  0  0  0  0  0  0  0  0
  0  0  0  0  0  0  0  0  0  0
  0  0  0  0  0  0  2  0  0  0
  0  0  0  0  0  0  2  2  0  0
  0  0  0  0  0  0  3  0  0  0
  0  0  0  0  0  0  0  0  0  0

------------------------------ 
Day: 7
------------------------------ 
  0  0  0  0  0  0  0  0  0  0
  0  0  0  0  0  0  0  0  0  0
  0  0  0  0  0  0  0  0  0  0
  0  0  0  0  0  0  0  0  0  0
  0  0  0  0  0  0  0  0  0  0
  0  0  0  0  0  0  0  0  0  0
  0  0  0  0  0  1  2  1  0  0
  0  0  0  0  0  0  2  2  1  0
  0  0  0  0  0  0  3  0  0  0
  0  0  0  0  0  0  0  0  0  0

------------------------------ 
Day: 8
------------------------------ 
  0  0  0  0  0  0  0  0  0  0
  0  0  0  0  0  0  0  0  0  0
  0  0  0  0  0  0  0  0  0  0
  0  0  0  0  0  0  0  0  0  0
  0  0  0  0  0  0  0  0  0  0
  0  0  0  0  0  0  0  0  0  0
  0  0  0  0  0  1  2  1  0  0
  0  0  0  0  0  0  2  2  1  0
  0  0  0  0  0  0  3  0  0  0
  0  0  0  0  0  0  0  0  0  0

------------------------------ 
Day: 9
------------------------------ 
  0  0  0  0  0  0  0  0  0  0
  0  0  0  0  0  0  0  0  0  0
  0  0  0  0  0  0  0  0  0  0
  0  0  0  0  0  0  0  0  0  0
  0  0  0  0  0  0  0  0  0  0
  0  0  0  0  0  0  0  0  0  0
  0  0  0  0  0  2  2  2  0  0
  0  0  0  0  0  0  3  2  2  0
  0  0  0  0  0  0  3  0  0  0
  0  0  0  0  0  0  0  0  0  0

------------------------------ 
Day: 10
------------------------------ 
  0  0  0  0  0  0  0  0  0  0
  0  0  0  0  0  0  0  0  0  0
  0  0  0  0  0  0  0  0  0  0
  0  0  0  0  0  0  0  0  0  0
  0  0  0  0  0  0  0  0  0  0
  0  0  0  0  0  0  0  0  0  0
  0  0  0  0  1  2  2  2  1  0
  0  0  0  0  0  0  3  2  2  0
  0  0  0  0  0  0  3  0  0  0
  0  0  0  0  0  0  0  0  0  0

------------------------------ 
Day: 11
------------------------------ 
  0  0  0  0  0  0  0  0  0  0
  0  0  0  0  0  0  0  0  0  0
  0  0  0  0  0  0  0  0  0  0
  0  0  0  0  0  0  0  0  0  0
  0  0  0  0  0  0  0  0  0  0
  0  0  0  0  0  0  0  0  0  0
  0  0  0  0  1  2  2  2  1  0
  0  0  0  0  0  0  3  2  2  0
  0  0  0  0  0  0  3  0  0  0
  0  0  0  0  0  0  0  0  0  0

------------------------------ 
Day: 12
------------------------------ 
  0  0  0  0  0  0  0  0  0  0
  0  0  0  0  0  0  0  0  0  0
  0  0  0  0  0  0  0  0  0  0
  0  0  0  0  0  0  0  0  0  0
  0  0  0  0  0  0  0  0  0  0
  0  0  0  0  0  0  0  0  0  0
  0  0  0  0  1  2  3  2  2  0
  0  0  0  0  0  0  3  3  2  0
  0  0  0  0  0  0  3  0  0  0
  0  0  0  0  0  0  0  0  0  0

------------------------------ 
Day: 13
------------------------------ 
  0  0  0  0  0  0  0  0  0  0
  0  0  0  0  0  0  0  0  0  0
  0  0  0  0  0  0  0  0  0  0
  0  0  0  0  0  0  0  0  0  0
  0  0  0  0  0  0  0  0  0  0
  0  0  0  0  0  0  0  0  1  0
  0  0  0  0  1  2  3  2  2  0
  0  0  0  0  0  0  3  3  2  0
  0  0  0  0  0  0  3  0  0  0
  0  0  0  0  0  0  0  0  0  0

------------------------------ 
Day: 14
------------------------------ 
  0  0  0  0  0  0  0  0  0  0
  0  0  0  0  0  0  0  0  0  0
  0  0  0  0  0  0  0  0  0  0
  0  0  0  0  0  0  0  0  0  0
  0  0  0  0  0  0  0  0  0  0
  0  0  0  0  0  0  0  0  1  0
  0  0  0  0  1  2  3  2  2  0
  0  0  0  0  0  0  3  3  2  0
  0  0  0  0  0  0  3  0  0  0
  0  0  0  0  0  0  0  0  0  0

------------------------------ 
Day: 15
------------------------------ 
  0  0  0  0  0  0  0  0  0  0
  0  0  0  0  0  0  0  0  0  0
  0  0  0  0  0  0  0  0  0  0
  0  0  0  0  0  0  0  0  0  0
  0  0  0  0  0  0  0  0  0  0
  0  0  0  0  0  0  0  0  2  0
  0  0  0  0  1  3  3  3  2  0
  0  0  0  0  0  0  3  3  3  0
  0  0  0  0  0  0  3  0  0  0
  0  0  0  0  0  0  0  0  0  0

------------------------------ 
Day: 16
------------------------------ 
  0  0  0  0  0  0  0  0  0  0
  0  0  0  0  0  0  0  0  0  0
  0  0  0  0  0  0  0  0  0  0
  0  0  0  0  0  0  0  0  0  0
  0  0  0  0  0  0  0  0  1  0
  0  0  0  0  0  0  0  0  2  1
  0  0  0  0  1  3  3  3  2  0
  0  0  0  0  0  0  3  3  3  0
  0  0  0  0  0  0  3  0  0  0
  0  0  0  0  0  0  0  0  0  0

------------------------------ 
Day: 17
------------------------------ 
  0  0  0  0  0  0  0  0  0  0
  0  0  0  0  0  0  0  0  0  0
  0  0  0  0  0  0  0  0  0  0
  0  0  0  0  0  0  0  0  0  0
  0  0  0  0  0  0  0  0  1  0
  0  0  0  0  0  0  0  0  2  1
  0  0  0  0  1  3  3  3  2  0
  0  0  0  0  0  0  3  3  3  0
  0  0  0  0  0  0  0  0  0  0
  0  0  0  0  0  0  0  0  0  0

------------------------------ 
Day: 18
------------------------------ 
  0  0  0  0  0  0  0  0  0  0
  0  0  0  0  0  0  0  0  0  0
  0  0  0  0  0  0  0  0  0  0
  0  0  0  0  0  0  0  0  0  0
  0  0  0  0  0  0  0  0  2  0
  0  0  0  0  0  0  0  0  2  2
  0  0  0  0  1  3  3  3  3  0
  0  0  0  0  0  0  3  3  3  0
  0  0  0  0  0  0  0  0  0  0
  0  0  0  0  0  0  0  0  0  0

------------------------------ 
Day: 19
------------------------------ 
  0  0  0  0  0  0  0  0  0  0
  0  0  0  0  0  0  0  0  0  0
  0  0  0  0  0  0  0  0  0  0
  0  0  0  0  0  0  0  0  0  0
  0  0  0  0  0  0  0  1  2  1
  1  0  0  0  0  0  0  0  2  2
  0  0  0  0  1  3  3  3  3  0
  0  0  0  0  0  0  3  3  3  0
  0  0  0  0  0  0  0  0  0  0
  0  0  0  0  0  0  0  0  0  0

------------------------------ 
Day: 20
------------------------------ 
  0  0  0  0  0  0  0  0  0  0
  0  0  0  0  0  0  0  0  0  0
  0  0  0  0  0  0  0  0  0  0
  0  0  0  0  0  0  0  0  0  0
  0  0  0  0  0  0  0  1  2  1
  1  0  0  0  0  0  0  0  2  2
  0  0  0  0  1  3  3  3  3  0
  0  0  0  0  0  0  0  3  3  0
  0  0  0  0  0  0  0  0  0  0
  0  0  0  0  0  0  0  0  0  0

------------------------------ 
Day: 21
------------------------------ 
  0  0  0  0  0  0  0  0  0  0
  0  0  0  0  0  0  0  0  0  0
  0  0  0  0  0  0  0  0  0  0
  0  0  0  0  0  0  0  0  0  0
  0  0  0  0  0  0  0  2  2  2
  2  0  0  0  0  0  0  0  2  2
  0  0  0  0  1  3  3  3  3  0
  0  0  0  0  0  0  0  3  3  0
  0  0  0  0  0  0  0  0  0  0
  0  0  0  0  0  0  0  0  0  0

------------------------------ 
Day: 22
------------------------------ 
  0  0  0  0  0  0  0  0  0  0
  0  0  0  0  0  0  0  0  0  0
  0  0  0  0  0  0  0  0  0  0
  0  0  0  0  0  0  0  0  0  0
  1  0  0  0  0  0  0  2  2  2
  2  0  0  0  0  0  0  0  2  2
  0  0  0  0  1  3  3  3  3  0
  0  0  0  0  0  0  0  3  3  0
  0  0  0  0  0  0  0  0  0  0
  0  0  0  0  0  0  0  0  0  0

------------------------------ 
Day: 23
------------------------------ 
  0  0  0  0  0  0  0  0  0  0
  0  0  0  0  0  0  0  0  0  0
  0  0  0  0  0  0  0  0  0  0
  0  0  0  0  0  0  0  0  0  0
  1  0  0  0  0  0  0  2  2  2
  2  0  0  0  0  0  0  0  2  2
  0  0  0  0  1  3  0  3  3  0
  0  0  0  0  0  0  0  0  3  0
  0  0  0  0  0  0  0  0  0  0
  0  0  0  0  0  0  0  0  0  0

------------------------------ 
Day: 24
------------------------------ 
  0  0  0  0  0  0  0  0  0  0
  0  0  0  0  0  0  0  0  0  0
  0  0  0  0  0  0  0  0  0  0
  0  0  0  0  0  0  0  0  0  0
  2  0  0  0  0  0  0  2  3  2
  2  0  0  0  0  0  0  0  2  3
  0  0  0  0  1  3  0  3  3  0
  0  0  0  0  0  0  0  0  3  0
  0  0  0  0  0  0  0  0  0  0
  0  0  0  0  0  0  0  0  0  0

------------------------------ 
Day: 25
------------------------------ 
  0  0  0  0  0  0  0  0  0  0
  0  0  0  0  0  0  0  0  0  0
  0  0  0  0  0  0  0  0  0  0
  0  0  0  0  0  0  0  0  0  0
  2  0  0  0  0  0  0  2  3  2
  2  0  0  0  0  0  0  0  2  3
  0  0  0  0  1  3  0  3  3  0
  0  0  0  0  0  0  0  0  3  0
  0  0  0  0  0  0  0  0  0  0
  0  0  0  0  0  0  0  0  0  0

------------------------------ 
Day: 26
------------------------------ 
  0  0  0  0  0  0  0  0  0  0
  0  0  0  0  0  0  0  0  0  0
  0  0  0  0  0  0  0  0  0  0
  0  0  0  0  0  0  0  0  0  0
  2  0  0  0  0  0  0  2  3  2
  2  0  0  0  0  0  0  0  2  3
  0  0  0  0  1  0  0  0  3  0
  0  0  0  0  0  0  0  0  0  0
  0  0  0  0  0  0  0  0  0  0
  0  0  0  0  0  0  0  0  0  0

------------------------------ 
Day: 27
------------------------------ 
  0  0  0  0  0  0  0  0  0  0
  0  0  0  0  0  0  0  0  0  0
  0  0  0  0  0  0  0  0  0  0
  0  0  0  0  0  0  0  0  0  0
  2  0  0  0  0  0  0  3  3  3
  3  0  0  0  0  0  0  0  2  3
  0  0  0  0  1  0  0  0  3  0
  0  0  0  0  0  0  0  0  0  0
  0  0  0  0  0  0  0  0  0  0
  0  0  0  0  0  0  0  0  0  0

------------------------------ 
Day: 28
------------------------------ 
  0  0  0  0  0  0  0  0  0  0
  0  0  0  0  0  0  0  0  0  0
  0  0  0  0  0  0  0  0  0  0
  0  0  0  0  0  0  0  0  0  0
  2  0  0  0  0  0  0  3  3  3
  3  0  0  0  0  0  0  0  2  3
  0  0  0  0  1  0  0  0  3  0
  0  0  0  0  0  0  0  0  0  0
  0  0  0  0  0  0  0  0  0  0
  0  0  0  0  0  0  0  0  0  0

------------------------------ 
Day: 29
------------------------------ 
  0  0  0  0  0  0  0  0  0  0
  0  0  0  0  0  0  0  0  0  0
  0  0  0  0  0  0  0  0  0  0
  0  0  0  0  0  0  0  0  0  0
  2  0  0  0  0  0  0  3  3  3
  3  0  0  0  0  0  0  0  2  3
  0  0  0  0  1  0  0  0  0  0
  0  0  0  0  0  0  0  0  0  0
  0  0  0  0  0  0  0  0  0  0
  0  0  0  0  0  0  0  0  0  0

------------------------------ 
Day: 30
------------------------------ 
  0  0  0  0  0  0  0  0  0  0
  0  0  0  0  0  0  0  0  0  0
  0  0  0  0  0  0  0  0  0  0
  0  0  0  0  0  0  0  0  0  0
  2  0  0  0  0  0  0  3  3  3
  3  0  0  0  0  0  0  0  2  3
  0  0  0  0  1  0  0  0  1  0
  0  0  0  0  0  0  0  0  0  0
  0  0  0  0  0  0  0  0  0  0
  0  0  0  0  0  0  0  0  0  0

------------------------------ 
Day: 31
------------------------------ 
  0  0  0  0  0  0  0  0  0  0
  0  0  0  0  0  0  0  0  0  0
  0  0  0  0  0  0  0  0  0  0
  0  0  0  0  0  0  0  0  0  0
  2  0  0  0  0  0  0  3  3  3
  3  0  0  0  0  0  0  0  2  3
  0  0  0  0  1  0  0  0  2  0
  0  0  0  0  0  0  0  0  0  0
  0  0  0  0  0  0  0  0  0  0
  0  0  0  0  0  0  0  0  0  0

------------------------------ 
Day: 32
------------------------------ 
  0  0  0  0  0  0  0  0  0  0
  0  0  0  0  0  0  0  0  0  0
  0  0  0  0  0  0  0  0  0  0
  0  0  0  0  0  0  0  0  0  0
  2  0  0  0  0  0  0  3  3  3
  3  0  0  0  0  0  0  0  2  3
  0  0  0  0  1  0  0  1  3  0
  0  0  0  0  0  0  0  0  1  0
  0  0  0  0  0  0  0  0  0  0
  0  0  0  0  0  0  0  0  0  0

------------------------------ 
Day: 33
------------------------------ 
  0  0  0  0  0  0  0  0  0  0
  0  0  0  0  0  0  0  0  0  0
  0  0  0  0  0  0  0  0  0  0
  0  0  0  0  0  0  0  0  0  0
  2  0  0  0  0  0  0  3  3  3
  3  0  0  0  0  0  0  0  2  3
  0  0  0  0  1  0  0  2  0  0
  0  0  0  0  0  0  0  0  2  0
  0  0  0  0  0  0  0  0  0  0
  0  0  0  0  0  0  0  0  0  0

------------------------------ 
Day: 34
------------------------------ 
  0  0  0  0  0  0  0  0  0  0
  0  0  0  0  0  0  0  0  0  0
  0  0  0  0  0  0  0  0  0  0
  0  0  0  0  0  0  0  0  0  0
  2  0  0  0  0  0  0  3  3  3
  3  0  0  0  0  0  0  0  2  3
  0  0  0  0  1  0  1  3  1  0
  0  0  0  0  0  0  0  1  3  0
  0  0  0  0  0  0  0  0  0  0
  0  0  0  0  0  0  0  0  0  0

------------------------------ 
Day: 35
------------------------------ 
  0  0  0  0  0  0  0  0  0  0
  0  0  0  0  0  0  0  0  0  0
  0  0  0  0  0  0  0  0  0  0
  0  0  0  0  0  0  0  0  0  0
  2  0  0  0  0  0  0  3  0  3
  3  0  0  0  0  0  0  0  2  0
  0  0  0  0  1  0  2  0  2  0
  0  0  0  0  0  0  0  2  0  0
  0  0  0  0  0  0  0  0  0  0
  0  0  0  0  0  0  0  0  0  0

------------------------------ 
Day: 36
------------------------------ 
  0  0  0  0  0  0  0  0  0  0
  0  0  0  0  0  0  0  0  0  0
  0  0  0  0  0  0  0  0  0  0
  0  0  0  0  0  0  0  0  0  0
  2  0  0  0  0  0  0  3  1  3
  3  0  0  0  0  0  0  0  2  1
  0  0  0  0  1  1  3  1  3  0
  0  0  0  0  0  0  1  3  1  0
  0  0  0  0  0  0  0  0  0  0
  0  0  0  0  0  0  0  0  0  0

------------------------------ 
Day: 37
------------------------------ 
  0  0  0  0  0  0  0  0  0  0
  0  0  0  0  0  0  0  0  0  0
  0  0  0  0  0  0  0  0  0  0
  0  0  0  0  0  0  0  0  0  0
  2  0  0  0  0  0  0  3  2  3
  3  0  0  0  0  0  0  0  2  2
  0  0  0  0  1  2  0  2  0  0
  0  0  0  0  0  0  2  0  2  0
  0  0  0  0  0  0  0  0  0  0
  0  0  0  0  0  0  0  0  0  0

------------------------------ 
Day: 38
------------------------------ 
  0  0  0  0  0  0  0  0  0  0
  0  0  0  0  0  0  0  0  0  0
  0  0  0  0  0  0  0  0  0  0
  0  0  0  0  0  0  0  0  0  0
  2  0  0  0  0  0  0  0  3  0
  0  0  0  0  0  0  0  0  2  3
  0  0  0  0  1  3  1  3  1  0
  0  0  0  0  0  0  3  1  3  0
  0  0  0  0  0  0  0  0  0  0
  0  0  0  0  0  0  0  0  0  0

------------------------------ 
Day: 39
------------------------------ 
  0  0  0  0  0  0  0  0  0  0
  0  0  0  0  0  0  0  0  0  0
  0  0  0  0  0  0  0  0  0  0
  0  0  0  0  0  0  0  0  0  0
  2  0  0  0  0  0  0  0  0  1
  1  0  0  0  0  0  0  0  2  0
  0  0  0  0  1  0  2  0  2  0
  0  0  0  0  0  0  0  2  0  0
  0  0  0  0  0  0  0  0  0  0
  0  0  0  0  0  0  0  0  0  0

------------------------------ 
Day: 40
------------------------------ 
  0  0  0  0  0  0  0  0  0  0
  0  0  0  0  0  0  0  0  0  0
  0  0  0  0  0  0  0  0  0  0
  0  0  0  0  0  0  0  0  0  0
  2  0  0  0  0  0  0  0  1  2
  2  0  0  0  0  0  0  0  2  1
  0  0  0  0  1  1  3  1  3  0
  0  0  0  0  0  0  1  3  1  0
  0  0  0  0  0  0  0  0  0  0
  0  0  0  0  0  0  0  0  0  0

------------------------------ 
Day: 41
------------------------------ 
  0  0  0  0  0  0  0  0  0  0
  0  0  0  0  0  0  0  0  0  0
  0  0  0  0  0  0  0  0  0  0
  0  0  0  0  0  0  0  0  0  0
  2  0  0  0  0  0  0  0  2  3
  3  0  0  0  0  0  0  0  2  2
  0  0  0  0  1  2  0  2  0  0
  0  0  0  0  0  0  2  0  2  0
  0  0  0  0  0  0  0  0  0  0
  0  0  0  0  0  0  0  0  0  0

------------------------------ 
Day: 42
------------------------------ 
  0  0  0  0  0  0  0  0  0  0
  0  0  0  0  0  0  0  0  0  0
  0  0  0  0  0  0  0  0  0  0
  0  0  0  0  0  0  0  0  0  0
  2  0  0  0  0  0  0  1  3  0
  0  0  0  0  0  0  0  0  2  3
  0  0  0  0  1  3  1  3  1  0
  0  0  0  0  0  0  3  1  3  0
  0  0  0  0  0  0  0  0  0  0
  0  0  0  0  0  0  0  0  0  0

------------------------------ 
Day: 43
------------------------------ 
  0  0  0  0  0  0  0  0  0  0
  0  0  0  0  0  0  0  0  0  0
  0  0  0  0  0  0  0  0  0  0
  0  0  0  0  0  0  0  0  0  0
  2  0  0  0  0  0  0  2  0  1
  1  0  0  0  0  0  0  0  2  0
  0  0  0  0  1  0  2  0  2  0
  0  0  0  0  0  0  0  2  0  0
  0  0  0  0  0  0  0  0  0  0
  0  0  0  0  0  0  0  0  0  0

------------------------------ 
Day: 44
------------------------------ 
  0  0  0  0  0  0  0  0  0  0
  0  0  0  0  0  0  0  0  0  0
  0  0  0  0  0  0  0  0  0  0
  0  0  0  0  0  0  0  0  0  0
  2  0  0  0  0  0  0  3  1  2
  2  0  0  0  0  0  0  0  2  1
  0  0  0  0  1  1  3  1  3  0
  0  0  0  0  0  0  1  3  1  0
  0  0  0  0  0  0  0  0  0  0
  0  0  0  0  0  0  0  0  0  0

------------------------------ 
Day: 45
------------------------------ 
  0  0  0  0  0  0  0  0  0  0
  0  0  0  0  0  0  0  0  0  0
  0  0  0  0  0  0  0  0  0  0
  0  0  0  0  0  0  0  0  0  0
  2  0  0  0  0  0  0  0  2  3
  3  0  0  0  0  0  0  0  2  2
  0  0  0  0  1  2  0  2  0  0
  0  0  0  0  0  0  2  0  2  0
  0  0  0  0  0  0  0  0  0  0
  0  0  0  0  0  0  0  0  0  0

------------------------------ 
Day: 46
------------------------------ 
  0  0  0  0  0  0  0  0  0  0
  0  0  0  0  0  0  0  0  0  0
  0  0  0  0  0  0  0  0  0  0
  0  0  0  0  0  0  0  0  0  0
  2  0  0  0  0  0  0  1  3  0
  0  0  0  0  0  0  0  0  2  3
  0  0  0  0  1  3  1  3  1  0
  0  0  0  0  0  0  3  1  3  0
  0  0  0  0  0  0  0  0  0  0
  0  0  0  0  0  0  0  0  0  0

------------------------------ 
Day: 47
------------------------------ 
  0  0  0  0  0  0  0  0  0  0
  0  0  0  0  0  0  0  0  0  0
  0  0  0  0  0  0  0  0  0  0
  0  0  0  0  0  0  0  0  0  0
  2  0  0  0  0  0  0  2  0  1
  1  0  0  0  0  0  0  0  2  0
  0  0  0  0  1  0  2  0  2  0
  0  0  0  0  0  0  0  2  0  0
  0  0  0  0  0  0  0  0  0  0
  0  0  0  0  0  0  0  0  0  0

------------------------------ 
Day: 48
------------------------------ 
  0  0  0  0  0  0  0  0  0  0
  0  0  0  0  0  0  0  0  0  0
  0  0  0  0  0  0  0  0  0  0
  0  0  0  0  0  0  0  0  0  0
  2  0  0  0  0  0  0  3  1  2
  2  0  0  0  0  0  0  0  2  1
  0  0  0  0  1  1  3  1  3  0
  0  0  0  0  0  0  1  3  1  0
  0  0  0  0  0  0  0  0  0  0
  0  0  0  0  0  0  0  0  0  0

------------------------------ 
Day: 49
------------------------------ 
  0  0  0  0  0  0  0  0  0  0
  0  0  0  0  0  0  0  0  0  0
  0  0  0  0  0  0  0  0  0  0
  0  0  0  0  0  0  0  0  0  0
  2  0  0  0  0  0  0  0  2  3
  3  0  0  0  0  0  0  0  2  2
  0  0  0  0  1  2  0  2  0  0
  0  0  0  0  0  0  2  0  2  0
  0  0  0  0  0  0  0  0  0  0
  0  0  0  0  0  0  0  0  0  0

------------------------------ 
Day: 50
------------------------------ 
  0  0  0  0  0  0  0  0  0  0
  0  0  0  0  0  0  0  0  0  0
  0  0  0  0  0  0  0  0  0  0
  0  0  0  0  0  0  0  0  0  0
  2  0  0  0  0  0  0  1  3  0
  0  0  0  0  0  0  0  0  2  3
  0  0  0  0  1  3  1  3  1  0
  0  0  0  0  0  0  3  1  3  0
  0  0  0  0  0  0  0  0  0  0
  0  0  0  0  0  0  0  0  0  0

------------------------------ 
Day: 51
------------------------------ 
  0  0  0  0  0  0  0  0  0  0
  0  0  0  0  0  0  0  0  0  0
  0  0  0  0  0  0  0  0  0  0
  0  0  0  0  0  0  0  0  0  0
  2  0  0  0  0  0  0  2  0  1
  1  0  0  0  0  0  0  0  2  0
  0  0  0  0  1  0  2  0  2  0
  0  0  0  0  0  0  0  2  0  0
  0  0  0  0  0  0  0  0  0  0
  0  0  0  0  0  0  0  0  0  0

------------------------------ 
Day: 52
------------------------------ 
  0  0  0  0  0  0  0  0  0  0
  0  0  0  0  0  0  0  0  0  0
  0  0  0  0  0  0  0  0  0  0
  0  0  0  0  0  0  0  0  0  0
  2  0  0  0  0  0  0  3  1  2
  2  0  0  0  0  0  0  0  2  1
  0  0  0  0  1  1  3  1  3  0
  0  0  0  0  0  0  1  3  1  0
  0  0  0  0  0  0  0  0  0  0
  0  0  0  0  0  0  0  0  0  0

------------------------------ 
Day: 53
------------------------------ 
  0  0  0  0  0  0  0  0  0  0
  0  0  0  0  0  0  0  0  0  0
  0  0  0  0  0  0  0  0  0  0
  0  0  0  0  0  0  0  0  0  0
  2  0  0  0  0  0  0  0  2  3
  3  0  0  0  0  0  0  0  2  2
  0  0  0  0  1  2  0  2  0  0
  0  0  0  0  0  0  2  0  2  0
  0  0  0  0  0  0  0  0  0  0
  0  0  0  0  0  0  0  0  0  0

------------------------------ 
Day: 54
------------------------------ 
  0  0  0  0  0  0  0  0  0  0
  0  0  0  0  0  0  0  0  0  0
  0  0  0  0  0  0  0  0  0  0
  0  0  0  0  0  0  0  0  0  0
  2  0  0  0  0  0  0  1  3  0
  0  0  0  0  0  0  0  0  2  3
  0  0  0  0  1  3  1  3  1  0
  0  0  0  0  0  0  3  1  3  0
  0  0  0  0  0  0  0  0  0  0
  0  0  0  0  0  0  0  0  0  0

------------------------------ 
Day: 55
------------------------------ 
  0  0  0  0  0  0  0  0  0  0
  0  0  0  0  0  0  0  0  0  0
  0  0  0  0  0  0  0  0  0  0
  0  0  0  0  0  0  0  0  0  0
  2  0  0  0  0  0  0  2  0  1
  1  0  0  0  0  0  0  0  2  0
  0  0  0  0  1  0  2  0  2  0
  0  0  0  0  0  0  0  2  0  0
  0  0  0  0  0  0  0  0  0  0
  0  0  0  0  0  0  0  0  0  0

------------------------------ 
Day: 56
------------------------------ 
  0  0  0  0  0  0  0  0  0  0
  0  0  0  0  0  0  0  0  0  0
  0  0  0  0  0  0  0  0  0  0
  0  0  0  0  0  0  0  0  0  0
  2  0  0  0  0  0  0  3  1  2
  2  0  0  0  0  0  0  0  2  1
  0  0  0  0  1  1  3  1  3  0
  0  0  0  0  0  0  1  3  1  0
  0  0  0  0  0  0  0  0  0  0
  0  0  0  0  0  0  0  0  0  0

------------------------------ 
Day: 57
------------------------------ 
  0  0  0  0  0  0  0  0  0  0
  0  0  0  0  0  0  0  0  0  0
  0  0  0  0  0  0  0  0  0  0
  0  0  0  0  0  0  0  0  0  0
  2  0  0  0  0  0  0  0  2  3
  3  0  0  0  0  0  0  0  2  2
  0  0  0  0  1  2  0  2  0  0
  0  0  0  0  0  0  2  0  2  0
  0  0  0  0  0  0  0  0  0  0
  0  0  0  0  0  0  0  0  0  0

------------------------------ 
Day: 58
------------------------------ 
  0  0  0  0  0  0  0  0  0  0
  0  0  0  0  0  0  0  0  0  0
  0  0  0  0  0  0  0  0  0  0
  0  0  0  0  0  0  0  0  0  0
  2  0  0  0  0  0  0  1  3  0
  0  0  0  0  0  0  0  0  2  3
  0  0  0  0  1  3  1  3  1  0
  0  0  0  0  0  0  3  1  3  0
  0  0  0  0  0  0  0  0  0  0
  0  0  0  0  0  0  0  0  0  0

------------------------------ 
Day: 59
------------------------------ 
  0  0  0  0  0  0  0  0  0  0
  0  0  0  0  0  0  0  0  0  0
  0  0  0  0  0  0  0  0  0  0
  0  0  0  0  0  0  0  0  0  0
  2  0  0  0  0  0  0  2  0  1
  1  0  0  0  0  0  0  0  2  0
  0  0  0  0  1  0  2  0  2  0
  0  0  0  0  0  0  0  2  0  0
  0  0  0  0  0  0  0  0  0  0
  0  0  0  0  0  0  0  0  0  0

------------------------------ 
Day: 60
------------------------------ 
  0  0  0  0  0  0  0  0  0  0
  0  0  0  0  0  0  0  0  0  0
  0  0  0  0  0  0  0  0  0  0
  0  0  0  0  0  0  0  0  0  0
  2  0  0  0  0  0  0  3  1  2
  2  0  0  0  0  0  0  0  2  1
  0  0  0  0  1  1  3  1  3  0
  0  0  0  0  0  0  1  3  1  0
  0  0  0  0  0  0  0  0  0  0
  0  0  0  0  0  0  0  0  0  0

------------------------------ 
Day: 61
------------------------------ 
  0  0  0  0  0  0  0  0  0  0
  0  0  0  0  0  0  0  0  0  0
  0  0  0  0  0  0  0  0  0  0
  0  0  0  0  0  0  0  0  0  0
  2  0  0  0  0  0  0  0  2  3
  3  0  0  0  0  0  0  0  2  2
  0  0  0  0  1  2  0  2  0  0
  0  0  0  0  0  0  2  0  2  0
  0  0  0  0  0  0  0  0  0  0
  0  0  0  0  0  0  0  0  0  0

------------------------------ 
Day: 62
------------------------------ 
  0  0  0  0  0  0  0  0  0  0
  0  0  0  0  0  0  0  0  0  0
  0  0  0  0  0  0  0  0  0  0
  0  0  0  0  0  0  0  0  0  0
  2  0  0  0  0  0  0  1  3  0
  0  0  0  0  0  0  0  0  2  3
  0  0  0  0  1  3  1  3  1  0
  0  0  0  0  0  0  3  1  3  0
  0  0  0  0  0  0  0  0  0  0
  0  0  0  0  0  0  0  0  0  0

------------------------------ 
Day: 63
------------------------------ 
  0  0  0  0  0  0  0  0  0  0
  0  0  0  0  0  0  0  0  0  0
  0  0  0  0  0  0  0  0  0  0
  0  0  0  0  0  0  0  0  0  0
  2  0  0  0  0  0  0  2  0  1
  1  0  0  0  0  0  0  0  2  0
  0  0  0  0  1  0  2  0  2  0
  0  0  0  0  0  0  0  2  0  0
  0  0  0  0  0  0  0  0  0  0
  0  0  0  0  0  0  0  0  0  0

------------------------------ 
Day: 64
------------------------------ 
  0  0  0  0  0  0  0  0  0  0
  0  0  0  0  0  0  0  0  0  0
  0  0  0  0  0  0  0  0  0  0
  0  0  0  0  0  0  0  0  0  0
  2  0  0  0  0  0  0  3  1  2
  2  0  0  0  0  0  0  0  2  1
  0  0  0  0  1  1  3  1  3  0
  0  0  0  0  0  0  1  3  1  0
  0  0  0  0  0  0  0  0  0  0
  0  0  0  0  0  0  0  0  0  0

------------------------------ 
Day: 65
------------------------------ 
  0  0  0  0  0  0  0  0  0  0
  0  0  0  0  0  0  0  0  0  0
  0  0  0  0  0  0  0  0  0  0
  0  0  0  0  0  0  0  0  0  0
  2  0  0  0  0  0  0  0  2  3
  3  0  0  0  0  0  0  0  2  2
  0  0  0  0  1  2  0  2  0  0
  0  0  0  0  0  0  2  0  2  0
  0  0  0  0  0  0  0  0  0  0
  0  0  0  0  0  0  0  0  0  0

------------------------------ 
Day: 66
------------------------------ 
  0  0  0  0  0  0  0  0  0  0
  0  0  0  0  0  0  0  0  0  0
  0  0  0  0  0  0  0  0  0  0
  0  0  0  0  0  0  0  0  0  0
  2  0  0  0  0  0  0  1  3  0
  0  0  0  0  0  0  0  0  2  3
  0  0  0  0  1  3  1  3  1  0
  0  0  0  0  0  0  3  1  3  0
  0  0  0  0  0  0  0  0  0  0
  0  0  0  0  0  0  0  0  0  0

------------------------------ 
Day: 67
------------------------------ 
  0  0  0  0  0  0  0  0  0  0
  0  0  0  0  0  0  0  0  0  0
  0  0  0  0  0  0  0  0  0  0
  0  0  0  0  0  0  0  0  0  0
  2  0  0  0  0  0  0  2  0  1
  1  0  0  0  0  0  0  0  2  0
  0  0  0  0  1  0  2  0  2  0
  0  0  0  0  0  0  0  2  0  0
  0  0  0  0  0  0  0  0  0  0
  0  0  0  0  0  0  0  0  0  0

------------------------------ 
Day: 68
------------------------------ 
  0  0  0  0  0  0  0  0  0  0
  0  0  0  0  0  0  0  0  0  0
  0  0  0  0  0  0  0  0  0  0
  0  0  0  0  0  0  0  0  0  0
  2  0  0  0  0  0  0  3  1  2
  2  0  0  0  0  0  0  0  2  1
  0  0  0  0  1  1  3  1  3  0
  0  0  0  0  0  0  1  3  1  0
  0  0  0  0  0  0  0  0  0  0
  0  0  0  0  0  0  0  0  0  0

------------------------------ 
Day: 69
------------------------------ 
  0  0  0  0  0  0  0  0  0  0
  0  0  0  0  0  0  0  0  0  0
  0  0  0  0  0  0  0  0  0  0
  0  0  0  0  0  0  0  0  0  0
  2  0  0  0  0  0  0  0  2  3
  3  0  0  0  0  0  0  0  2  2
  0  0  0  0  1  2  0  2  0  0
  0  0  0  0  0  0  2  0  2  0
  0  0  0  0  0  0  0  0  0  0
  0  0  0  0  0  0  0  0  0  0

------------------------------ 
Day: 70
------------------------------ 
  0  0  0  0  0  0  0  0  0  0
  0  0  0  0  0  0  0  0  0  0
  0  0  0  0  0  0  0  0  0  0
  0  0  0  0  0  0  0  0  0  0
  2  0  0  0  0  0  0  1  3  0
  0  0  0  0  0  0  0  0  2  3
  0  0  0  0  1  3  1  3  1  0
  0  0  0  0  0  0  3  1  3  0
  0  0  0  0  0  0  0  0  0  0
  0  0  0  0  0  0  0  0  0  0

------------------------------ 
Day: 71
------------------------------ 
  0  0  0  0  0  0  0  0  0  0
  0  0  0  0  0  0  0  0  0  0
  0  0  0  0  0  0  0  0  0  0
  0  0  0  0  0  0  0  0  0  0
  2  0  0  0  0  0  0  2  0  1
  1  0  0  0  0  0  0  0  2  0
  0  0  0  0  1  0  2  0  2  0
  0  0  0  0  0  0  0  2  0  0
  0  0  0  0  0  0  0  0  0  0
  0  0  0  0  0  0  0  0  0  0

------------------------------ 
Day: 72
------------------------------ 
  0  0  0  0  0  0  0  0  0  0
  0  0  0  0  0  0  0  0  0  0
  0  0  0  0  0  0  0  0  0  0
  0  0  0  0  0  0  0  0  0  0
  2  0  0  0  0  0  0  3  1  2
  2  0  0  0  0  0  0  0  2  1
  0  0  0  0  1  1  3  1  3  0
  0  0  0  0  0  0  1  3  1  0
  0  0  0  0  0  0  0  0  0  0
  0  0  0  0  0  0  0  0  0  0

------------------------------ 
Day: 73
------------------------------ 
  0  0  0  0  0  0  0  0  0  0
  0  0  0  0  0  0  0  0  0  0
  0  0  0  0  0  0  0  0  0  0
  0  0  0  0  0  0  0  0  0  0
  2  0  0  0  0  0  0  0  2  3
  3  0  0  0  0  0  0  0  2  2
  0  0  0  0  1  2  0  2  0  0
  0  0  0  0  0  0  2  0  2  0
  0  0  0  0  0  0  0  0  0  0
  0  0  0  0  0  0  0  0  0  0

------------------------------ 
Day: 74
------------------------------ 
  0  0  0  0  0  0  0  0  0  0
  0  0  0  0  0  0  0  0  0  0
  0  0  0  0  0  0  0  0  0  0
  0  0  0  0  0  0  0  0  0  0
  2  0  0  0  0  0  0  1  3  0
  0  0  0  0  0  0  0  0  2  3
  0  0  0  0  1  3  1  3  1  0
  0  0  0  0  0  0  3  1  3  0
  0  0  0  0  0  0  0  0  0  0
  0  0  0  0  0  0  0  0  0  0

------------------------------ 
Day: 75
------------------------------ 
  0  0  0  0  0  0  0  0  0  0
  0  0  0  0  0  0  0  0  0  0
  0  0  0  0  0  0  0  0  0  0
  0  0  0  0  0  0  0  0  0  0
  2  0  0  0  0  0  0  2  0  1
  1  0  0  0  0  0  0  0  2  0
  0  0  0  0  1  0  2  0  2  0
  0  0  0  0  0  0  0  2  0  0
  0  0  0  0  0  0  0  0  0  0
  0  0  0  0  0  0  0  0  0  0

------------------------------ 
Day: 76
------------------------------ 
  0  0  0  0  0  0  0  0  0  0
  0  0  0  0  0  0  0  0  0  0
  0  0  0  0  0  0  0  0  0  0
  0  0  0  0  0  0  0  0  0  0
  2  0  0  0  0  0  0  3  1  2
  2  0  0  0  0  0  0  0  2  1
  0  0  0  0  1  1  3  1  3  0
  0  0  0  0  0  0  1  3  1  0
  0  0  0  0  0  0  0  0  0  0
  0  0  0  0  0  0  0  0  0  0

------------------------------ 
Day: 77
------------------------------ 
  0  0  0  0  0  0  0  0  0  0
  0  0  0  0  0  0  0  0  0  0
  0  0  0  0  0  0  0  0  0  0
  0  0  0  0  0  0  0  0  0  0
  2  0  0  0  0  0  0  0  2  3
  3  0  0  0  0  0  0  0  2  2
  0  0  0  0  1  2  0  2  0  0
  0  0  0  0  0  0  2  0  2  0
  0  0  0  0  0  0  0  0  0  0
  0  0  0  0  0  0  0  0  0  0

------------------------------ 
Day: 78
------------------------------ 
  0  0  0  0  0  0  0  0  0  0
  0  0  0  0  0  0  0  0  0  0
  0  0  0  0  0  0  0  0  0  0
  0  0  0  0  0  0  0  0  0  0
  2  0  0  0  0  0  0  1  3  0
  0  0  0  0  0  0  0  0  2  3
  0  0  0  0  1  3  1  3  1  0
  0  0  0  0  0  0  3  1  3  0
  0  0  0  0  0  0  0  0  0  0
  0  0  0  0  0  0  0  0  0  0

------------------------------ 
Day: 79
------------------------------ 
  0  0  0  0  0  0  0  0  0  0
  0  0  0  0  0  0  0  0  0  0
  0  0  0  0  0  0  0  0  0  0
  0  0  0  0  0  0  0  0  0  0
  2  0  0  0  0  0  0  2  0  1
  1  0  0  0  0  0  0  0  2  0
  0  0  0  0  1  0  2  0  2  0
  0  0  0  0  0  0  0  2  0  0
  0  0  0  0  0  0  0  0  0  0
  0  0  0  0  0  0  0  0  0  0

------------------------------ 
Day: 80
------------------------------ 
  0  0  0  0  0  0  0  0  0  0
  0  0  0  0  0  0  0  0  0  0
  0  0  0  0  0  0  0  0  0  0
  0  0  0  0  0  0  0  0  0  0
  2  0  0  0  0  0  0  3  1  2
  2  0  0  0  0  0  0  0  2  1
  0  0  0  0  1  1  3  1  3  0
  0  0  0  0  0  0  1  3  1  0
  0  0  0  0  0  0  0  0  0  0
  0  0  0  0  0  0  0  0  0  0

------------------------------ 
Day: 81
------------------------------ 
  0  0  0  0  0  0  0  0  0  0
  0  0  0  0  0  0  0  0  0  0
  0  0  0  0  0  0  0  0  0  0
  0  0  0  0  0  0  0  0  0  0
  2  0  0  0  0  0  0  0  2  3
  3  0  0  0  0  0  0  0  2  2
  0  0  0  0  1  2  0  2  0  0
  0  0  0  0  0  0  2  0  2  0
  0  0  0  0  0  0  0  0  0  0
  0  0  0  0  0  0  0  0  0  0

------------------------------ 
Day: 82
------------------------------ 
  0  0  0  0  0  0  0  0  0  0
  0  0  0  0  0  0  0  0  0  0
  0  0  0  0  0  0  0  0  0  0
  0  0  0  0  0  0  0  0  0  0
  2  0  0  0  0  0  0  1  3  0
  0  0  0  0  0  0  0  0  2  3
  0  0  0  0  1  3  1  3  1  0
  0  0  0  0  0  0  3  1  3  0
  0  0  0  0  0  0  0  0  0  0
  0  0  0  0  0  0  0  0  0  0

------------------------------ 
Day: 83
------------------------------ 
  0  0  0  0  0  0  0  0  0  0
  0  0  0  0  0  0  0  0  0  0
  0  0  0  0  0  0  0  0  0  0
  0  0  0  0  0  0  0  0  0  0
  2  0  0  0  0  0  0  2  0  1
  1  0  0  0  0  0  0  0  2  0
  0  0  0  0  1  0  2  0  2  0
  0  0  0  0  0  0  0  2  0  0
  0  0  0  0  0  0  0  0  0  0
  0  0  0  0  0  0  0  0  0  0

------------------------------ 
Day: 84
------------------------------ 
  0  0  0  0  0  0  0  0  0  0
  0  0  0  0  0  0  0  0  0  0
  0  0  0  0  0  0  0  0  0  0
  0  0  0  0  0  0  0  0  0  0
  2  0  0  0  0  0  0  3  1  2
  2  0  0  0  0  0  0  0  2  1
  0  0  0  0  1  1  3  1  3  0
  0  0  0  0  0  0  1  3  1  0
  0  0  0  0  0  0  0  0  0  0
  0  0  0  0  0  0  0  0  0  0

------------------------------ 
Day: 85
------------------------------ 
  0  0  0  0  0  0  0  0  0  0
  0  0  0  0  0  0  0  0  0  0
  0  0  0  0  0  0  0  0  0  0
  0  0  0  0  0  0  0  0  0  0
  2  0  0  0  0  0  0  0  2  3
  3  0  0  0  0  0  0  0  2  2
  0  0  0  0  1  2  0  2  0  0
  0  0  0  0  0  0  2  0  2  0
  0  0  0  0  0  0  0  0  0  0
  0  0  0  0  0  0  0  0  0  0

------------------------------ 
Day: 86
------------------------------ 
  0  0  0  0  0  0  0  0  0  0
  0  0  0  0  0  0  0  0  0  0
  0  0  0  0  0  0  0  0  0  0
  0  0  0  0  0  0  0  0  0  0
  2  0  0  0  0  0  0  1  3  0
  0  0  0  0  0  0  0  0  2  3
  0  0  0  0  1  3  1  3  1  0
  0  0  0  0  0  0  3  1  3  0
  0  0  0  0  0  0  0  0  0  0
  0  0  0  0  0  0  0  0  0  0

------------------------------ 
Day: 87
------------------------------ 
  0  0  0  0  0  0  0  0  0  0
  0  0  0  0  0  0  0  0  0  0
  0  0  0  0  0  0  0  0  0  0
  0  0  0  0  0  0  0  0  0  0
  2  0  0  0  0  0  0  2  0  1
  1  0  0  0  0  0  0  0  2  0
  0  0  0  0  1  0  2  0  2  0
  0  0  0  0  0  0  0  2  0  0
  0  0  0  0  0  0  0  0  0  0
  0  0  0  0  0  0  0  0  0  0

------------------------------ 
Day: 88
------------------------------ 
  0  0  0  0  0  0  0  0  0  0
  0  0  0  0  0  0  0  0  0  0
  0  0  0  0  0  0  0  0  0  0
  0  0  0  0  0  0  0  0  0  0
  2  0  0  0  0  0  0  3  1  2
  2  0  0  0  0  0  0  0  2  1
  0  0  0  0  1  1  3  1  3  0
  0  0  0  0  0  0  1  3  1  0
  0  0  0  0  0  0  0  0  0  0
  0  0  0  0  0  0  0  0  0  0

------------------------------ 
Day: 89
------------------------------ 
  0  0  0  0  0  0  0  0  0  0
  0  0  0  0  0  0  0  0  0  0
  0  0  0  0  0  0  0  0  0  0
  0  0  0  0  0  0  0  0  0  0
  2  0  0  0  0  0  0  0  2  3
  3  0  0  0  0  0  0  0  2  2
  0  0  0  0  1  2  0  2  0  0
  0  0  0  0  0  0  2  0  2  0
  0  0  0  0  0  0  0  0  0  0
  0  0  0  0  0  0  0  0  0  0

------------------------------ 
Day: 90
------------------------------ 
  0  0  0  0  0  0  0  0  0  0
  0  0  0  0  0  0  0  0  0  0
  0  0  0  0  0  0  0  0  0  0
  0  0  0  0  0  0  0  0  0  0
  2  0  0  0  0  0  0  1  3  0
  0  0  0  0  0  0  0  0  2  3
  0  0  0  0  1  3  1  3  1  0
  0  0  0  0  0  0  3  1  3  0
  0  0  0  0  0  0  0  0  0  0
  0  0  0  0  0  0  0  0  0  0

------------------------------ 
Day: 91
------------------------------ 
  0  0  0  0  0  0  0  0  0  0
  0  0  0  0  0  0  0  0  0  0
  0  0  0  0  0  0  0  0  0  0
  0  0  0  0  0  0  0  0  0  0
  2  0  0  0  0  0  0  2  0  1
  1  0  0  0  0  0  0  0  2  0
  0  0  0  0  1  0  2  0  2  0
  0  0  0  0  0  0  0  2  0  0
  0  0  0  0  0  0  0  0  0  0
  0  0  0  0  0  0  0  0  0  0

------------------------------ 
Day: 92
------------------------------ 
  0  0  0  0  0  0  0  0  0  0
  0  0  0  0  0  0  0  0  0  0
  0  0  0  0  0  0  0  0  0  0
  0  0  0  0  0  0  0  0  0  0
  2  0  0  0  0  0  0  3  1  2
  2  0  0  0  0  0  0  0  2  1
  0  0  0  0  1  1  3  1  3  0
  0  0  0  0  0  0  1  3  1  0
  0  0  0  0  0  0  0  0  0  0
  0  0  0  0  0  0  0  0  0  0

------------------------------ 
Day: 93
------------------------------ 
  0  0  0  0  0  0  0  0  0  0
  0  0  0  0  0  0  0  0  0  0
  0  0  0  0  0  0  0  0  0  0
  0  0  0  0  0  0  0  0  0  0
  2  0  0  0  0  0  0  0  2  3
  3  0  0  0  0  0  0  0  2  2
  0  0  0  0  1  2  0  2  0  0
  0  0  0  0  0  0  2  0  2  0
  0  0  0  0  0  0  0  0  0  0
  0  0  0  0  0  0  0  0  0  0

------------------------------ 
Day: 94
------------------------------ 
  0  0  0  0  0  0  0  0  0  0
  0  0  0  0  0  0  0  0  0  0
  0  0  0  0  0  0  0  0  0  0
  0  0  0  0  0  0  0  0  0  0
  2  0  0  0  0  0  0  1  3  0
  0  0  0  0  0  0  0  0  2  3
  0  0  0  0  1  3  1  3  1  0
  0  0  0  0  0  0  3  1  3  0
  0  0  0  0  0  0  0  0  0  0
  0  0  0  0  0  0  0  0  0  0

------------------------------ 
Day: 95
------------------------------ 
  0  0  0  0  0  0  0  0  0  0
  0  0  0  0  0  0  0  0  0  0
  0  0  0  0  0  0  0  0  0  0
  0  0  0  0  0  0  0  0  0  0
  2  0  0  0  0  0  0  2  0  1
  1  0  0  0  0  0  0  0  2  0
  0  0  0  0  1  0  2  0  2  0
  0  0  0  0  0  0  0  2  0  0
  0  0  0  0  0  0  0  0  0  0
  0  0  0  0  0  0  0  0  0  0

------------------------------ 
Day: 96
------------------------------ 
  0  0  0  0  0  0  0  0  0  0
  0  0  0  0  0  0  0  0  0  0
  0  0  0  0  0  0  0  0  0  0
  0  0  0  0  0  0  0  0  0  0
  2  0  0  0  0  0  0  3  1  2
  2  0  0  0  0  0  0  0  2  1
  0  0  0  0  1  1  3  1  3  0
  0  0  0  0  0  0  1  3  1  0
  0  0  0  0  0  0  0  0  0  0
  0  0  0  0  0  0  0  0  0  0

------------------------------ 
Day: 97
------------------------------ 
  0  0  0  0  0  0  0  0  0  0
  0  0  0  0  0  0  0  0  0  0
  0  0  0  0  0  0  0  0  0  0
  0  0  0  0  0  0  0  0  0  0
  2  0  0  0  0  0  0  0  2  3
  3  0  0  0  0  0  0  0  2  2
  0  0  0  0  1  2  0  2  0  0
  0  0  0  0  0  0  2  0  2  0
  0  0  0  0  0  0  0  0  0  0
  0  0  0  0  0  0  0  0  0  0

------------------------------ 
Day: 98
------------------------------ 
  0  0  0  0  0  0  0  0  0  0
  0  0  0  0  0  0  0  0  0  0
  0  0  0  0  0  0  0  0  0  0
  0  0  0  0  0  0  0  0  0  0
  2  0  0  0  0  0  0  1  3  0
  0  0  0  0  0  0  0  0  2  3
  0  0  0  0  1  3  1  3  1  0
  0  0  0  0  0  0  3  1  3  0
  0  0  0  0  0  0  0  0  0  0
  0  0  0  0  0  0  0  0  0  0

------------------------------ 
Day: 99
------------------------------ 
  0  0  0  0  0  0  0  0  0  0
  0  0  0  0  0  0  0  0  0  0
  0  0  0  0  0  0  0  0  0  0
  0  0  0  0  0  0  0  0  0  0
  2  0  0  0  0  0  0  2  0  1
  1  0  0  0  0  0  0  0  2  0
  0  0  0  0  1  0  2  0  2  0
  0  0  0  0  0  0  0  2  0  0
  0  0  0  0  0  0  0  0  0  0
  0  0  0  0  0  0  0  0  0  0

------------------------------ 
Day: 0
------------------------------ 
  0  0  0  0  0  0  0  0  0  0
  0  0  0  0  0  0  0  0  0  0
  0  0  0  0  0  0  0  0  0  0
  0  0  2  0  0  0  0  0  0  0
  0  0  0  0  0  0  0  0  0  0
  0  0  0  0  0  2  0  0  0  0
  0  0  0  0  0  0  0  0  0  0
  0  0  0  0  0  0  0  0  0  0
  0  0  0  0  0  0  0  0  0  0
  0  0  0  0  0  0  0  0  0  0

------------------------------ 
Day: 1
------------------------------ 
  0  0  0  0  0  0  0  0  0  0
  0  0  0  0  0  0  0  0  0  0
  0  0  1  0  0  0  0  0  0  0
  0  0  2  1  0  0  0  0  0  0
  0  0  0  0  0  1  0  0  0  0
  0  0  0  0  1  2  1  0  0  0
  0  0  0  0  0  1  0  0  0  0
  0  0  0  0  0  0  0  0  0  0
  0  0  0  0  0  0  0  0  0  0
  0  0  0  0  0  0  0  0  0  0

------------------------------ 
Day: 2
------------------------------ 
  0  0  0  0  0  0  0  0  0  0
  0  0  0  0  0  0  0  0  0  0
  0  0  1  0  0  0  0  0  0  0
  0  0  2  1  0  0  0  0  0  0
  0  0  0  0  0  1  0  0  0  0
  0  0  0  0  1  2  1  0  0  0
  0  0  0  0  0  1  0  0  0  0
  0  0  0  0  0  0  0  0  0  0
  0  0  0  0  0  0  0  0  0  0
  0  0  0  0  0  0  0  0  0  0

------------------------------ 
Day: 3
------------------------------ 
  0  0  0  0  0  0  0  0  0  0
  0  0  0  0  0  0  0  0  0  0
  0  0  1  0  0  0  0  0  0  0
  0  0  2  2  0  0  0  0  0  0
  0  0  0  0  0  1  0  0  0  0
  0  0  0  0  2  2  2  0  0  0
  0  0  0  0  0  2  0  0  0  0
  0  0  0  0  0  0  0  0  0  0
  0  0  0  0  0  0  0  0  0  0
  0  0  0  0  0  0  0  0  0  0

------------------------------ 
Day: 4
------------------------------ 
  0  0  0  0  0  0  0  0  0  0
  0  0  0  0  0  0  0  0  0  0
  0  0  1  1  0  0  0  0  0  0
  0  0  2  2  0  0  0  0  0  0
  0  0  0  0  0  1  0  0  0  0
  0  0  0  1  2  2  2  1  0  0
  0  0  0  0  1  2  0  0  0  0
  0  0  0  0  0  0  0  0  0  0
  0  0  0  0  0  0  0  0  0  0
  0  0  0  0  0  0  0  0  0  0

------------------------------ 
Day: 5
------------------------------ 
  0  0  0  0  0  0  0  0  0  0
  0  0  0  0  0  0  0  0  0  0
  0  0  1  1  0  0  0  0  0  0
  0  0  2  2  0  0  0  0  0  0
  0  0  0  0  0  1  0  0  0  0
  0  0  0  1  2  2  2  1  0  0
  0  0  0  0  1  2  0  0  0  0
  0  0  0  0  0  0  0  0  0  0
  0  0  0  0  0  0  0  0  0  0
  0  0  0  0  0  0  0  0  0  0

------------------------------ 
Day: 6
------------------------------ 
  0  0  0  0  0  0  0  0  0  0
  0  0  0  0  0  0  0  0  0  0
  0  0  1  2  0  0  0  0  0  0
  0  0  3  2  0  0  0  0  0  0
  0  0  0  0  0  1  0  0  0  0
  0  0  0  1  2  3  2  2  0  0
  0  0  0  0  2  2  0  0  0  0
  0  0  0  0  0  0  0  0  0  0
  0  0  0  0  0  0  0  0  0  0
  0  0  0  0  0  0  0  0  0  0

------------------------------ 
Day: 7
------------------------------ 
  0  0  0  0  0  0  0  0  0  0
  0  0  0  0  0  0  0  0  0  0
  0  0  1  2  1  0  0  0  0  0
  0  0  3  2  0  0  0  0  0  0
  0  0  0  0  0  1  0  0  0  0
  0  0  0  1  2  3  2  2  1  0
  0  0  0  0  2  2  0  0  0  0
  0  0  0  0  0  0  0  0  0  0
  0  0  0  0  0  0  0  0  0  0
  0  0  0  0  0  0  0  0  0  0

------------------------------ 
Day: 8
------------------------------ 
  0  0  0  0  0  0  0  0  0  0
  0  0  0  0  0  0  0  0  0  0
  0  0  1  2  1  0  0  0  0  0
  0  0  3  2  0  0  0  0  0  0
  0  0  0  0  0  1  0  0  0  0
  0  0  0  1  2  3  2  2  1  0
  0  0  0  0  2  2  0  0  0  0
  0  0  0  0  0  0  0  0  0  0
  0  0  0  0  0  0  0  0  0  0
  0  0  0  0  0  0  0  0  0  0

------------------------------ 
Day: 9
------------------------------ 
  0  0  0  0  0  0  0  0  0  0
  0  0  0  0  0  0  0  0  0  0
  0  0  1  2  2  0  0  0  0  0
  0  0  3  3  0  0  0  0  0  0
  0  0  0  0  0  1  0  0  0  0
  0  0  0  1  2  3  3  2  1  0
  0  0  0  0  2  3  0  0  0  0
  0  0  0  0  0  0  0  0  0  0
  0  0  0  0  0  0  0  0  0  0
  0  0  0  0  0  0  0  0  0  0

------------------------------ 
Day: 10
------------------------------ 
  0  0  0  0  0  0  0  0  0  0
  0  0  0  0  1  0  0  0  0  0
  0  0  1  2  2  0  0  0  0  0
  0  0  3  3  0  0  0  0  0  0
  0  0  0  0  0  1  0  0  0  0
  0  0  0  1  2  3  3  2  1  0
  0  0  0  0  2  3  0  0  0  0
  0  0  0  0  0  0  0  0  0  0
  0  0  0  0  0  0  0  0  0  0
  0  0  0  0  0  0  0  0  0  0

------------------------------ 
Day: 11
------------------------------ 
  0  0  0  0  0  0  0  0  0  0
  0  0  0  0  1  0  0  0  0  0
  0  0  1  2  2  0  0  0  0  0
  0  0  3  3  0  0  0  0  0  0
  0  0  0  0  0  1  0  0  0  0
  0  0  0  1  2  3  3  2  1  0
  0  0  0  0  2  3  0  0  0  0
  0  0  0  0  0  0  0  0  0  0
  0  0  0  0  0  0  0  0  0  0
  0  0  0  0  0  0  0  0  0  0

------------------------------ 
Day: 12
------------------------------ 
  0  0  0  0  0  0  0  0  0  0
  0  0  0  0  2  0  0  0  0  0
  0  0  1  3  2  0  0  0  0  0
  0  0  3  3  0  0  0  0  0  0
  0  0  0  0  0  1  0  0  0  0
  0  0  0  1  2  3  3  2  1  0
  0  0  0  0  3  3  0  0  0  0
  0  0  0  0  0  0  0  0  0  0
  0  0  0  0  0  0  0  0  0  0
  0  0  0  0  0  0  0  0  0  0

------------------------------ 
Day: 13
------------------------------ 
  0  0  0  0  1  0  0  0  0  0
  0  0  0  0  2  0  0  0  0  0
  0  0  1  3  2  0  0  0  0  0
  0  0  3  3  0  0  0  0  0  0
  0  0  0  0  0  1  0  0  0  0
  0  0  0  1  2  3  3  2  1  0
  0  0  0  0  3  3  0  0  0  0
  0  0  0  0  0  0  0  0  0  0
  0  0  0  0  0  0  0  0  0  0
  0  0  0  0  0  0  0  0  0  0

------------------------------ 
Day: 14
------------------------------ 
  0  0  0  0  1  0  0  0  0  0
  0  0  0  0  2  0  0  0  0  0
  0  0  1  3  2  0  0  0  0  0
  0  0  3  3  0  0  0  0  0  0
  0  0  0  0  0  1  0  0  0  0
  0  0  0  1  2  3  3  2  1  0
  0  0  0  0  3  3  0  0  0  0
  0  0  0  0  0  0  0  0  0  0
  0  0  0  0  0  0  0  0  0  0
  0  0  0  0  0  0  0  0  0  0

------------------------------ 
Day: 15
------------------------------ 
  0  0  0  0  1  0  0  0  0  0
  0  0  0  0  2  0  0  0  0  0
  0  0  1  3  3  0  0  0  0  0
  0  0  3  3  0  0  0  0  0  0
  0  0  0  0  0  1  0  0  0  0
  0  0  0  1  2  3  3  2  1  0
  0  0  0  0  3  3  0  0  0  0
  0  0  0  0  0  0  0  0  0  0
  0  0  0  0  0  0  0  0  0  0
  0  0  0  0  0  0  0  0  0  0

------------------------------ 
Day: 16
------------------------------ 
  0  0  0  0  1  0  0  0  0  0
  0  0  0  0  2  0  0  0  0  0
  0  0  1  3  3  0  0  0  0  0
  0  0  3  3  0  0  0  0  0  0
  0  0  0  0  0  1  0  0  0  0
  0  0  0  1  2  3  3  2  1  0
  0  0  0  0  3  3  0  0  0  0
  0  0  0  0  0  0  0  0  0  0
  0  0  0  0  0  0  0  0  0  0
  0  0  0  0  0  0  0  0  0  0

------------------------------ 
Day: 17
------------------------------ 
  0  0  0  0  1  0  0  0  0  0
  0  0  0  0  2  0  0  0  0  0
  0  0  1  3  3  0  0  0  0  0
  0  0  0  3  0  0  0  0  0  0
  0  0  0  0  0  1  0  0  0  0
  0  0  0  1  2  0  3  2  1  0
  0  0  0  0  3  3  0  0  0  0
  0  0  0  0  0  0  0  0  0  0
  0  0  0  0  0  0  0  0  0  0
  0  0  0  0  0  0  0  0  0  0

------------------------------ 
Day: 18
------------------------------ 
  0  0  0  0  1  0  0  0  0  0
  0  0  0  0  3  0  0  0  0  0
  0  0  1  3  3  0  0  0  0  0
  0  0  0  3  0  0  0  0  0  0
  0  0  0  0  0  1  0  0  0  0
  0  0  0  1  2  0  3  2  1  0
  0  0  0  0  3  3  0  0  0  0
  0  0  0  0  0  0  0  0  0  0
  0  0  0  0  0  0  0  0  0  0
  0  0  0  0  0  0  0  0  0  0

------------------------------ 
Day: 19
------------------------------ 
  0  0  0  0  1  0  0  0  0  0
  0  0  0  0  3  0  0  0  0  0
  0  0  1  3  3  0  0  0  0  0
  0  0  0  3  0  0  0  0  0  0
  0  0  0  0  0  1  0  0  0  0
  0  0  0  1  2  0  3  2  1  0
  0  0  0  0  3  3  0  0  0  0
  0  0  0  0  0  0  0  0  0  0
  0  0  0  0  0  0  0  0  0  0
  0  0  0  0  0  0  0  0  0  0

------------------------------ 
Day: 20
------------------------------ 
  0  0  0  0  1  0  0  0  0  0
  0  0  0  0  3  0  0  0  0  0
  0  0  1  3  3  0  0  0  0  0
  0  0  0  0  0  0  0  0  0  0
  0  0  0  0  0  1  0  0  0  0
  0  0  0  1  2  0  0  2  1  0
  0  0  0  0  3  0  0  0  0  0
  0  0  0  0  0  0  0  0  0  0
  0  0  0  0  0  0  0  0  0  0
  0  0  0  0  0  0  0  0  0  0

------------------------------ 
Day: 21
------------------------------ 
  0  0  0  0  1  0  0  0  0  0
  0  0  0  0  3  0  0  0  0  0
  0  0  1  3  3  0  0  0  0  0
  0  0  0  0  0  0  0  0  0  0
  0  0  0  0  0  1  0  0  0  0
  0  0  0  1  2  0  1  2  1  0
  0  0  0  0  3  0  0  0  0  0
  0  0  0  0  0  0  0  0  0  0
  0  0  0  0  0  0  0  0  0  0
  0  0  0  0  0  0  0  0  0  0

------------------------------ 
Day: 22
------------------------------ 
  0  0  0  0  1  0  0  0  0  0
  0  0  0  0  3  0  0  0  0  0
  0  0  1  3  3  0  0  0  0  0
  0  0  0  0  0  0  0  0  0  0
  0  0  0  0  0  1  0  0  0  0
  0  0  0  1  2  0  2  2  1  0
  0  0  0  0  3  0  0  0  0  0
  0  0  0  0  0  0  0  0  0  0
  0  0  0  0  0  0  0  0  0  0
  0  0  0  0  0  0  0  0  0  0

------------------------------ 
Day: 23
------------------------------ 
  0  0  0  0  1  0  0  0  0  0
  0  0  0  0  3  0  0  0  0  0
  0  0  1  0  3  0  0  0  0  0
  0  0  0  0  0  0  0  0  0  0
  0  0  0  0  0  1  0  0  0  0
  0  0  0  1  2  0  3  2  1  0
  0  0  0  0  0  0  0  0  0  0
  0  0  0  0  0  0  0  0  0  0
  0  0  0  0  0  0  0  0  0  0
  0  0  0  0  0  0  0  0  0  0

------------------------------ 
Day: 24
------------------------------ 
  0  0  0  0  1  0  0  0  0  0
  0  0  0  0  3  0  0  0  0  0
  0  0  1  0  3  0  0  0  0  0
  0  0  0  0  0  0  0  0  0  0
  0  0  0  0  0  1  0  0  0  0
  0  0  0  1  2  0  0  2  1  0
  0  0  0  0  1  0  0  0  0  0
  0  0  0  0  0  0  0  0  0  0
  0  0  0  0  0  0  0  0  0  0
  0  0  0  0  0  0  0  0  0  0

------------------------------ 
Day: 25
------------------------------ 
  0  0  0  0  1  0  0  0  0  0
  0  0  0  0  3  0  0  0  0  0
  0  0  1  0  3  0  0  0  0  0
  0  0  0  0  0  0  0  0  0  0
  0  0  0  0  0  1  0  0  0  0
  0  0  0  1  2  0  1  2  1  0
  0  0  0  0  2  0  0  0  0  0
  0  0  0  0  0  0  0  0  0  0
  0  0  0  0  0  0  0  0  0  0
  0  0  0  0  0  0  0  0  0  0

------------------------------ 
Day: 26
------------------------------ 
  0  0  0  0  1  0  0  0  0  0
  0  0  0  0  3  0  0  0  0  0
  0  0  1  0  0  0  0  0  0  0
  0  0  0  0  0  0  0  0  0  0
  0  0  0  0  0  1  0  0  0  0
  0  0  0  1  2  0  2  2  1  0
  0  0  0  0  3  1  0  0  0  0
  0  0  0  0  0  0  0  0  0  0
  0  0  0  0  0  0  0  0  0  0
  0  0  0  0  0  0  0  0  0  0

------------------------------ 
Day: 27
------------------------------ 
  0  0  0  0  1  0  0  0  0  0
  0  0  0  0  3  0  0  0  0  0
  0  0  1  0  0  0  0  0  0  0
  0  0  0  0  0  0  0  0  0  0
  0  0  0  0  0  1  0  0  0  0
  0  0  0  1  2  0  3  2  1  0
  0  0  0  0  0  2  0  0  0  0
  0  0  0  0  0  0  0  0  0  0
  0  0  0  0  0  0  0  0  0  0
  0  0  0  0  0  0  0  0  0  0

------------------------------ 
Day: 28
------------------------------ 
  0  0  0  0  1  0  0  0  0  0
  0  0  0  0  3  0  0  0  0  0
  0  0  1  0  0  0  0  0  0  0
  0  0  0  0  0  0  0  0  0  0
  0  0  0  0  0  1  0  0  0  0
  0  0  0  1  2  0  0  2  1  0
  0  0  0  0  1  3  0  0  0  0
  0  0  0  0  0  0  0  0  0  0
  0  0  0  0  0  0  0  0  0  0
  0  0  0  0  0  0  0  0  0  0

------------------------------ 
Day: 29
------------------------------ 
  0  0  0  0  1  0  0  0  0  0
  0  0  0  0  0  0  0  0  0  0
  0  0  1  0  0  0  0  0  0  0
  0  0  0  0  0  0  0  0  0  0
  0  0  0  0  0  1  0  0  0  0
  0  0  0  1  2  0  1  2  1  0
  0  0  0  0  2  0  0  0  0  0
  0  0  0  0  0  0  0  0  0  0
  0  0  0  0  0  0  0  0  0  0
  0  0  0  0  0  0  0  0  0  0

------------------------------ 
Day: 30
------------------------------ 
  0  0  0  0  1  0  0  0  0  0
  0  0  0  0  0  0  0  0  0  0
  0  0  1  0  0  0  0  0  0  0
  0  0  0  0  0  0  0  0  0  0
  0  0  0  0  0  1  0  0  0  0
  0  0  0  1  2  0  2  2  1  0
  0  0  0  0  3  1  0  0  0  0
  0  0  0  0  0  0  0  0  0  0
  0  0  0  0  0  0  0  0  0  0
  0  0  0  0  0  0  0  0  0  0

------------------------------ 
Day: 31
------------------------------ 
  0  0  0  0  1  0  0  0  0  0
  0  0  0  0  0  0  0  0  0  0
  0  0  1  0  0  0  0  0  0  0
  0  0  0  0  0  0  0  0  0  0
  0  0  0  0  0  1  0  0  0  0
  0  0  0  1  2  0  3  2  1  0
  0  0  0  0  0  2  0  0  0  0
  0  0  0  0  0  0  0  0  0  0
  0  0  0  0  0  0  0  0  0  0
  0  0  0  0  0  0  0  0  0  0

------------------------------ 
Day: 32
------------------------------ 
  0  0  0  0  1  0  0  0  0  0
  0  0  0  0  0  0  0  0  0  0
  0  0  1  0  0  0  0  0  0  0
  0  0  0  0  0  0  0  0  0  0
  0  0  0  0  0  1  0  0  0  0
  0  0  0  1  2  0  0  2  1  0
  0  0  0  0  1  3  0  0  0  0
  0  0  0  0  0  0  0  0  0  0
  0  0  0  0  0  0  0  0  0  0
  0  0  0  0  0  0  0  0  0  0

------------------------------ 
Day: 33
------------------------------ 
  0  0  0  0  1  0  0  0  0  0
  0  0  0  0  0  0  0  0  0  0
  0  0  1  0  0  0  0  0  0  0
  0  0  0  0  0  0  0  0  0  0
  0  0  0  0  0  1  0  0  0  0
  0  0  0  1  2  0  1  2  1  0
  0  0  0  0  2  0  0  0  0  0
  0  0  0  0  0  0  0  0  0  0
  0  0  0  0  0  0  0  0  0  0
  0  0  0  0  0  0  0  0  0  0

------------------------------ 
Day: 34
------------------------------ 
  0  0  0  0  1  0  0  0  0  0
  0  0  0  0  0  0  0  0  0  0
  0  0  1  0  0  0  0  0  0  0
  0  0  0  0  0  0  0  0  0  0
  0  0  0  0  0  1  0  0  0  0
  0  0  0  1  2  0  2  2  1  0
  0  0  0  0  3  1  0  0  0  0
  0  0  0  0  0  0  0  0  0  0
  0  0  0  0  0  0  0  0  0  0
  0  0  0  0  0  0  0  0  0  0

------------------------------ 
Day: 35
------------------------------ 
  0  0  0  0  1  0  0  0  0  0
  0  0  0  0  0  0  0  0  0  0
  0  0  2  0  0  0  0  0  0  0
  0  0  0  0  0  0  0  0  0  0
  0  0  0  0  1  1  1  0  0  0
  0  0  0  1  3  0  3  3  1  0
  0  0  0  0  0  2  0  1  0  0
  0  0  0  0  0  0  0  0  0  0
  0  0  0  0  0  0  0  0  0  0
  0  0  0  0  0  0  0  0  0  0

------------------------------ 
Day: 36
------------------------------ 
  0  0  0  0  1  0  0  0  0  0
  0  0  0  0  0  0  0  0  0  0
  0  1  2  1  0  0  0  0  0  0
  0  0  0  0  0  0  0  0  0  0
  0  0  0  0  1  1  1  0  0  0
  0  0  0  1  3  0  0  3  1  0
  0  0  0  0  1  3  0  1  0  0
  0  0  0  0  0  0  0  0  0  0
  0  0  0  0  0  0  0  0  0  0
  0  0  0  0  0  0  0  0  0  0

------------------------------ 
Day: 37
------------------------------ 
  0  0  0  0  1  0  0  0  0  0
  0  0  0  0  0  0  0  0  0  0
  0  1  2  2  0  0  0  0  0  0
  0  0  0  0  0  0  0  0  0  0
  0  0  0  0  2  1  2  0  0  0
  0  0  0  1  3  0  0  3  1  0
  0  0  0  0  2  0  0  2  0  0
  0  0  0  0  0  0  0  0  0  0
  0  0  0  0  0  0  0  0  0  0
  0  0  0  0  0  0  0  0  0  0

------------------------------ 
Day: 38
------------------------------ 
  0  0  0  0  1  0  0  0  0  0
  0  0  0  0  0  0  0  0  0  0
  0  2  2  3  1  0  0  0  0  0
  0  0  0  1  0  0  0  0  0  0
  0  0  0  0  2  1  2  0  0  0
  0  0  0  1  3  0  1  3  1  0
  0  0  0  0  3  1  0  2  1  0
  0  0  0  0  0  0  0  0  0  0
  0  0  0  0  0  0  0  0  0  0
  0  0  0  0  0  0  0  0  0  0

------------------------------ 
Day: 39
------------------------------ 
  0  0  0  0  1  0  0  0  0  0
  0  1  0  0  0  0  0  0  0  0
  1  2  2  0  2  0  0  0  0  0
  0  0  0  2  0  0  0  0  0  0
  0  0  0  0  2  1  2  0  0  0
  0  0  0  1  3  0  2  3  1  0
  0  0  0  0  0  2  0  2  1  0
  0  0  0  0  0  0  0  0  0  0
  0  0  0  0  0  0  0  0  0  0
  0  0  0  0  0  0  0  0  0  0

------------------------------ 
Day: 40
------------------------------ 
  0  0  0  0  1  0  0  0  0  0
  0  1  0  0  1  0  0  0  0  0
  1  2  2  1  3  0  0  0  0  0
  0  0  0  3  0  0  0  0  0  0
  0  0  0  0  2  1  2  0  0  0
  0  0  0  1  3  0  3  3  1  0
  0  0  0  0  1  3  0  2  2  0
  0  0  0  0  0  0  0  0  0  0
  0  0  0  0  0  0  0  0  0  0
  0  0  0  0  0  0  0  0  0  0

------------------------------ 
Day: 41
------------------------------ 
  0  0  0  0  1  0  0  0  0  0
  0  2  0  0  2  0  0  0  0  0
  2  2  3  2  0  0  0  0  0  0
  0  0  0  0  0  0  0  0  0  0
  0  0  0  0  2  1  2  0  0  0
  0  0  0  1  3  0  0  3  1  0
  0  0  0  0  2  0  0  2  2  0
  0  0  0  0  0  0  0  0  1  0
  0  0  0  0  0  0  0  0  0  0
  0  0  0  0  0  0  0  0  0  0

------------------------------ 
Day: 42
------------------------------ 
  0  1  0  0  1  0  0  0  0  0
  0  2  0  0  3  0  0  0  0  0
  2  2  3  3  1  0  0  0  0  0
  1  0  0  1  0  0  0  0  0  0
  0  0  0  0  2  1  2  0  0  0
  0  0  0  1  3  0  1  3  1  0
  0  0  0  0  3  1  0  2  2  0
  0  0  0  0  0  0  0  0  1  0
  0  0  0  0  0  0  0  0  0  0
  0  0  0  0  0  0  0  0  0  0

------------------------------ 
Day: 43
------------------------------ 
  0  1  0  0  1  0  0  0  0  0
  0  2  0  0  0  0  0  0  0  0
  2  2  3  0  2  0  0  0  0  0
  1  0  0  2  0  0  0  0  0  0
  0  0  0  0  3  1  3  0  0  0
  0  0  0  1  3  0  2  3  1  0
  0  0  0  0  0  2  0  3  2  0
  0  0  0  0  0  0  0  0  2  0
  0  0  0  0  0  0  0  0  0  0
  0  0  0  0  0  0  0  0  0  0

------------------------------ 
Day: 44
------------------------------ 
  0  2  0  0  1  0  0  0  0  0
  0  2  0  0  1  0  0  0  0  0
  2  2  3  1  3  0  0  0  0  0
  2  0  0  3  0  0  0  0  0  0
  0  0  0  0  3  1  3  0  0  0
  0  0  0  1  3  0  3  3  1  0
  0  0  0  0  1  3  0  3  2  0
  0  0  0  0  0  0  0  0  2  1
  0  0  0  0  0  0  0  0  0  0
  0  0  0  0  0  0  0  0  0  0

------------------------------ 
Day: 45
------------------------------ 
  1  2  1  0  1  0  0  0  0  0
  0  2  0  0  2  0  0  0  0  0
  2  2  3  2  0  0  0  0  0  0
  2  0  0  0  0  0  0  0  0  0
  1  0  0  0  3  1  3  0  0  0
  0  0  0  1  3  0  0  3  1  0
  0  0  0  0  2  0  0  3  2  0
  0  0  0  0  0  0  0  0  2  1
  0  0  0  0  0  0  0  0  0  0
  0  1  0  0  0  0  0  0  0  0

------------------------------ 
Day: 46
------------------------------ 
  1  2  1  0  1  0  0  0  0  0
  0  2  0  0  3  0  0  0  0  0
  2  2  3  3  1  0  0  0  0  0
  2  0  0  1  0  0  0  0  0  0
  1  0  0  0  3  1  3  0  0  0
  0  0  0  1  0  0  0  0  1  0
  0  0  0  0  3  1  0  3  3  0
  0  0  0  0  0  0  0  0  2  2
  0  0  0  0  0  0  0  0  0  0
  0  1  0  0  0  0  0  0  0  0

------------------------------ 
Day: 47
------------------------------ 
  2  2  2  0  1  0  0  0  0  0
  0  3  0  0  0  0  0  0  0  0
  3  2  3  0  2  0  0  0  0  0
  2  0  0  2  0  0  0  0  0  0
  2  0  0  0  3  1  3  0  0  0
  0  0  0  1  0  0  0  0  2  0
  0  0  0  0  0  2  0  3  3  0
  0  0  0  0  0  0  0  0  2  2
  0  0  0  0  0  0  0  0  1  1
  0  2  0  0  0  0  0  0  0  0

------------------------------ 
Day: 48
------------------------------ 
  2  2  2  0  1  0  0  0  0  0
  0  3  0  0  1  0  0  0  0  0
  3  2  3  1  3  0  0  0  0  0
  2  0  0  3  0  0  0  0  0  0
  2  0  0  0  3  1  3  0  0  0
  1  0  0  1  0  0  0  1  2  1
  0  0  0  0  1  3  0  3  3  0
  0  0  0  0  0  0  0  0  2  2
  0  0  0  0  0  0  0  0  1  1
  1  2  0  0  0  0  0  0  0  0

------------------------------ 
Day: 49
------------------------------ 
  2  2  2  0  1  0  0  0  0  0
  0  3  0  0  2  0  0  0  0  0
  3  2  3  2  0  0  0  0  0  0
  2  0  0  0  0  0  0  0  0  0
  2  0  0  0  3  1  3  0  0  0
  1  0  0  1  0  0  0  2  2  1
  0  0  0  0  2  0  0  3  3  0
  0  0  0  0  0  0  0  0  3  2
  0  0  0  0  0  0  0  0  2  2
  1  2  0  0  0  0  0  0  0  0

------------------------------ 
Day: 50
------------------------------ 
  2  3  2  0  1  0  0  0  0  0
  0  3  0  0  3  0  0  0  0  0
  3  2  3  3  1  0  0  0  0  0
  3  0  0  1  0  0  0  0  0  0
  2  0  0  0  3  1  3  0  0  0
  2  0  0  1  1  0  1  2  2  2
  0  0  0  0  3  1  0  3  3  0
  0  0  0  0  0  0  0  0  3  2
  0  0  0  0  0  0  0  0  2  2
  2  2  0  0  0  0  0  0  0  0

------------------------------ 
Day: 51
------------------------------ 
  2  3  2  0  1  0  0  0  0  0
  0  3  0  0  0  0  0  0  0  0
  3  2  3  0  2  0  0  0  0  0
  3  0  0  2  0  0  0  0  0  0
  2  0  0  0  3  1  3  0  0  0
  2  0  0  1  2  0  2  2  2  2
  0  0  0  0  0  2  0  3  3  0
  0  0  0  0  0  0  0  0  3  2
  0  0  0  0  0  0  0  0  2  2
  2  2  0  0  0  0  0  0  0  0

------------------------------ 
Day: 52
------------------------------ 
  2  3  2  0  1  0  0  0  0  0
  0  3  0  0  1  0  0  0  0  0
  3  2  0  1  3  0  0  0  0  0
  3  0  0  3  0  0  0  0  0  0
  2  0  0  0  3  1  3  0  0  0
  2  0  0  1  2  0  3  2  2  2
  0  0  0  0  1  3  0  3  3  0
  0  0  0  0  0  0  0  0  3  3
  0  0  0  0  0  0  0  0  2  2
  2  2  0  0  0  0  0  0  0  0

------------------------------ 
Day: 53
------------------------------ 
  3  3  3  0  1  0  0  0  0  0
  0  3  0  0  2  0  0  0  0  0
  3  2  1  2  0  0  0  0  0  0
  3  0  0  0  0  0  0  0  0  0
  3  0  0  0  3  1  3  0  0  0
  2  0  0  1  2  0  0  2  3  2
  0  0  0  0  2  0  0  3  3  0
  0  0  0  0  0  0  0  0  3  3
  0  0  0  0  0  0  0  0  2  2
  2  3  0  0  0  0  0  0  0  0

------------------------------ 
Day: 54
------------------------------ 
  3  3  3  0  1  0  0  0  0  0
  0  3  0  0  3  0  0  0  0  0
  3  2  1  3  1  0  0  0  0  0
  3  0  0  1  0  0  0  0  0  0
  3  0  0  0  0  1  0  0  0  0
  2  0  0  1  2  0  1  2  3  2
  0  0  0  0  3  1  0  0  3  0
  0  0  0  0  0  0  0  0  3  3
  0  0  0  0  0  0  0  0  2  2
  2  3  0  0  0  0  0  0  0  0

------------------------------ 
Day: 55
------------------------------ 
  3  3  3  0  1  0  0  0  0  0
  0  3  0  0  0  0  0  0  0  0
  3  2  1  0  2  0  0  0  0  0
  3  0  0  2  0  0  0  0  0  0
  3  0  0  0  0  1  0  0  0  0
  2  0  0  1  2  0  2  2  3  2
  0  0  0  0  0  2  0  0  3  0
  0  0  0  0  0  0  0  0  3  3
  0  0  0  0  0  0  0  0  3  3
  2  3  0  0  0  0  0  0  0  0

------------------------------ 
Day: 56
------------------------------ 
  3  3  3  0  1  0  0  0  0  0
  0  3  0  0  1  0  0  0  0  0
  3  2  1  1  3  0  0  0  0  0
  3  0  0  3  0  0  0  0  0  0
  3  0  0  0  0  1  0  0  0  0
  3  0  0  1  2  0  3  2  3  3
  0  0  0  0  1  3  0  0  3  0
  0  0  0  0  0  0  0  0  3  3
  0  0  0  0  0  0  0  0  3  3
  3  3  0  0  0  0  0  0  0  0

------------------------------ 
Day: 57
------------------------------ 
  3  3  3  0  1  0  0  0  0  0
  0  3  0  0  2  0  0  0  0  0
  3  2  1  2  0  0  0  0  0  0
  3  0  0  0  0  0  0  0  0  0
  3  0  0  0  0  1  0  0  0  0
  3  0  0  1  2  0  0  2  3  3
  0  0  0  0  2  0  0  0  0  0
  0  0  0  0  0  0  0  0  3  3
  0  0  0  0  0  0  0  0  3  3
  3  3  0  0  0  0  0  0  0  0

------------------------------ 
Day: 58
------------------------------ 
  3  3  3  0  1  0  0  0  0  0
  0  0  0  0  3  0  0  0  0  0
  0  2  1  3  1  0  0  0  0  0
  3  0  0  1  0  0  0  0  0  0
  3  0  0  0  0  1  0  0  0  0
  3  0  0  1  2  0  1  2  3  3
  0  0  0  0  3  1  0  0  0  0
  0  0  0  0  0  0  0  0  3  3
  0  0  0  0  0  0  0  0  3  3
  3  3  0  0  0  0  0  0  0  0

------------------------------ 
Day: 59
------------------------------ 
  3  3  3  0  1  0  0  0  0  0
  0  1  0  0  0  0  0  0  0  0
  1  2  1  0  2  0  0  0  0  0
  3  0  0  2  0  0  0  0  0  0
  3  0  0  0  0  1  0  0  0  0
  3  0  0  1  2  0  2  2  3  3
  0  0  0  0  0  2  0  0  0  0
  0  0  0  0  0  0  0  0  3  3
  0  0  0  0  0  0  0  0  3  3
  3  3  0  0  0  0  0  0  0  0

------------------------------ 
Day: 60
------------------------------ 
  3  3  3  0  1  0  0  0  0  0
  0  2  0  0  1  0  0  0  0  0
  2  2  1  1  3  0  0  0  0  0
  3  0  0  3  0  0  0  0  0  0
  3  0  0  0  0  1  0  0  0  0
  3  0  0  1  2  0  3  2  3  3
  0  0  0  0  1  3  0  0  0  0
  0  0  0  0  0  0  0  0  0  3
  0  0  0  0  0  0  0  0  3  3
  3  3  0  0  0  0  0  0  0  0

------------------------------ 
Day: 61
------------------------------ 
  3  0  3  0  1  0  0  0  0  0
  0  3  0  0  2  0  0  0  0  0
  3  2  1  2  0  0  0  0  0  0
  0  0  0  0  0  0  0  0  0  0
  3  0  0  0  0  1  0  0  0  0
  3  0  0  1  2  0  0  2  3  3
  0  0  0  0  2  0  0  0  0  0
  0  0  0  0  0  0  0  0  0  3
  0  0  0  0  0  0  0  0  3  3
  3  3  0  0  0  0  0  0  0  0

------------------------------ 
Day: 62
------------------------------ 
  3  0  3  0  1  0  0  0  0  0
  0  0  0  0  3  0  0  0  0  0
  0  2  1  3  1  0  0  0  0  0
  0  0  0  1  0  0  0  0  0  0
  3  0  0  0  0  1  0  0  0  0
  3  0  0  1  2  0  1  2  3  3
  0  0  0  0  3  1  0  0  0  0
  0  0  0  0  0  0  0  0  0  3
  0  0  0  0  0  0  0  0  3  3
  3  3  0  0  0  0  0  0  0  0

------------------------------ 
Day: 63
------------------------------ 
  3  0  3  0  1  0  0  0  0  0
  0  1  0  0  0  0  0  0  0  0
  1  2  1  0  2  0  0  0  0  0
  0  0  0  2  0  0  0  0  0  0
  3  0  0  0  0  1  0  0  0  0
  3  0  0  1  2  0  2  2  3  3
  0  0  0  0  0  2  0  0  0  0
  0  0  0  0  0  0  0  0  0  0
  0  0  0  0  0  0  0  0  3  3
  3  3  0  0  0  0  0  0  0  0

------------------------------ 
Day: 64
------------------------------ 
  0  0  0  0  1  0  0  0  0  0
  0  2  0  0  1  0  0  0  0  0
  2  2  1  1  3  0  0  0  0  0
  0  0  0  3  0  0  0  0  0  0
  0  0  0  0  0  1  0  0  0  0
  3  0  0  1  2  0  3  2  0  3
  0  0  0  0  1  3  0  0  0  0
  0  0  0  0  0  0  0  0  0  0
  0  0  0  0  0  0  0  0  3  3
  3  0  0  0  0  0  0  0  0  0

------------------------------ 
Day: 65
------------------------------ 
  0  1  0  0  1  0  0  0  0  0
  0  3  0  0  2  0  0  0  0  0
  3  2  1  2  0  0  0  0  0  0
  1  0  0  0  0  0  0  0  0  0
  0  0  0  0  0  1  0  0  0  0
  3  0  0  1  2  0  0  2  1  3
  0  0  0  0  2  0  0  0  0  0
  0  0  0  0  0  0  0  0  0  0
  0  0  0  0  0  0  0  0  3  3
  3  0  0  0  0  0  0  0  0  0

------------------------------ 
Day: 66
------------------------------ 
  0  2  0  0  1  0  0  0  0  0
  0  0  0  0  3  0  0  0  0  0
  0  2  1  3  1  0  0  0  0  0
  2  0  0  1  0  0  0  0  0  0
  0  0  0  0  0  1  0  0  0  0
  3  0  0  1  2  0  1  2  1  3
  0  0  0  0  3  1  0  0  0  0
  0  0  0  0  0  0  0  0  0  0
  0  0  0  0  0  0  0  0  0  0
  3  0  0  0  0  0  0  0  0  0

------------------------------ 
Day: 67
------------------------------ 
  1  3  1  0  1  0  0  0  0  0
  0  1  0  0  0  0  0  0  0  0
  1  2  1  0  2  0  0  0  0  0
  3  0  0  2  0  0  0  0  0  0
  1  0  0  0  0  1  0  0  0  0
  0  0  0  1  2  0  2  2  1  0
  0  0  0  0  0  2  0  0  0  0
  0  0  0  0  0  0  0  0  0  0
  0  0  0  0  0  0  0  0  0  0
  0  1  0  0  0  0  0  0  0  0

------------------------------ 
Day: 68
------------------------------ 
  2  0  2  0  1  0  0  0  0  0
  0  2  0  0  1  0  0  0  0  0
  2  2  1  1  3  0  0  0  0  0
  0  0  0  3  0  0  0  0  0  0
  2  0  0  0  0  1  0  0  0  0
  0  0  0  1  2  0  3  2  1  0
  0  0  0  0  1  3  0  0  0  0
  0  0  0  0  0  0  0  0  0  0
  0  0  0  0  0  0  0  0  0  0
  0  2  0  0  0  0  0  0  0  0

------------------------------ 
Day: 69
------------------------------ 
  3  1  3  0  1  0  0  0  0  0
  0  3  0  0  2  0  0  0  0  0
  3  2  1  2  0  0  0  0  0  0
  1  0  0  0  0  0  0  0  0  0
  3  0  0  0  0  1  0  0  0  0
  1  0  0  1  2  0  0  2  1  0
  0  0  0  0  2  0  0  0  0  0
  0  0  0  0  0  0  0  0  0  0
  0  0  0  0  0  0  0  0  0  0
  1  3  0  0  0  0  0  0  0  0

------------------------------ 
Day: 70
------------------------------ 
  0  2  0  0  1  0  0  0  0  0
  0  0  0  0  3  0  0  0  0  0
  0  2  1  3  1  0  0  0  0  0
  2  0  0  1  0  0  0  0  0  0
  0  0  0  0  0  1  0  0  0  0
  2  0  0  1  2  0  1  2  1  0
  0  0  0  0  3  1  0  0  0  0
  0  0  0  0  0  0  0  0  0  0
  0  0  0  0  0  0  0  0  0  0
  2  0  0  0  0  0  0  0  0  0

------------------------------ 
Day: 71
------------------------------ 
  1  3  1  0  1  0  0  0  0  0
  0  1  0  0  0  0  0  0  0  0
  1  2  1  0  2  0  0  0  0  0
  3  0  0  2  0  0  0  0  0  0
  1  0  0  0  0  1  0  0  0  0
  3  0  0  1  2  0  2  2  1  1
  0  0  0  0  0  2  0  0  0  0
  0  0  0  0  0  0  0  0  0  0
  0  0  0  0  0  0  0  0  0  0
  3  1  0  0  0  0  0  0  0  0

------------------------------ 
Day: 72
------------------------------ 
  2  0  2  0  1  0  0  0  0  0
  0  2  0  0  1  0  0  0  0  0
  2  2  1  1  3  0  0  0  0  0
  0  0  0  3  0  0  0  0  0  0
  2  0  0  0  0  1  0  0  0  0
  0  0  0  1  2  0  3  2  1  2
  0  0  0  0  1  3  0  0  0  0
  0  0  0  0  0  0  0  0  0  0
  0  0  0  0  0  0  0  0  0  0
  0  2  0  0  0  0  0  0  0  0

------------------------------ 
Day: 73
------------------------------ 
  3  1  3  0  1  0  0  0  0  0
  0  3  0  0  2  0  0  0  0  0
  3  2  1  2  0  0  0  0  0  0
  1  0  0  0  0  0  0  0  0  0
  3  0  0  0  0  1  0  0  0  0
  1  0  0  1  2  0  0  2  1  3
  0  0  0  0  2  0  0  0  0  0
  0  0  0  0  0  0  0  0  0  0
  0  0  0  0  0  0  0  0  0  0
  1  3  0  0  0  0  0  0  0  0

------------------------------ 
Day: 74
------------------------------ 
  0  2  0  0  1  0  0  0  0  0
  0  0  0  0  3  0  0  0  0  0
  0  2  1  3  1  0  0  0  0  0
  2  0  0  1  0  0  0  0  0  0
  0  0  0  0  0  1  0  0  0  0
  2  0  0  1  2  0  1  2  1  0
  0  0  0  0  3  1  0  0  0  0
  0  0  0  0  0  0  0  0  0  0
  0  0  0  0  0  0  0  0  0  0
  2  0  0  0  0  0  0  0  0  0

------------------------------ 
Day: 75
------------------------------ 
  1  3  1  0  1  0  0  0  0  0
  0  1  0  0  0  0  0  0  0  0
  1  2  1  0  2  0  0  0  0  0
  3  0  0  2  0  0  0  0  0  0
  1  0  0  0  0  1  0  0  0  0
  3  0  0  1  2  0  2  2  1  1
  0  0  0  0  0  2  0  0  0  0
  0  0  0  0  0  0  0  0  0  0
  0  0  0  0  0  0  0  0  0  0
  3  1  0  0  0  0  0  0  0  0

------------------------------ 
Day: 76
------------------------------ 
  2  0  2  0  1  0  0  0  0  0
  0  2  0  0  1  0  0  0  0  0
  2  2  1  1  3  0  0  0  0  0
  0  0  0  3  0  0  0  0  0  0
  2  0  0  0  0  1  0  0  0  0
  0  0  0  1  2  0  3  2  1  2
  0  0  0  0  1  3  0  0  0  0
  0  0  0  0  0  0  0  0  0  0
  0  0  0  0  0  0  0  0  0  0
  0  2  0  0  0  0  0  0  0  0

------------------------------ 
Day: 77
------------------------------ 
  3  1  3  0  1  0  0  0  0  0
  0  3  0  0  2  0  0  0  0  0
  3  2  1  2  0  0  0  0  0  0
  1  0  0  0  0  0  0  0  0  0
  3  0  0  0  0  1  0  0  0  0
  1  0  0  1  2  0  0  2  1  3
  0  0  0  0  2  0  0  0  0  0
  0  0  0  0  0  0  0  0  0  0
  0  0  0  0  0  0  0  0  0  0
  1  3  0  0  0  0  0  0  0  0

------------------------------ 
Day: 78
------------------------------ 
  0  2  0  0  1  0  0  0  0  0
  0  0  0  0  3  0  0  0  0  0
  0  2  1  3  1  0  0  0  0  0
  2  0  0  1  0  0  0  0  0  0
  0  0  0  0  0  1  0  0  0  0
  2  0  0  1  2  0  1  2  1  0
  0  0  0  0  3  1  0  0  0  0
  0  0  0  0  0  0  0  0  0  0
  0  0  0  0  0  0  0  0  0  0
  2  0  0  0  0  0  0  0  0  0

------------------------------ 
Day: 79
------------------------------ 
  1  3  1  0  1  0  0  0  0  0
  0  1  0  0  0  0  0  0  0  0
  1  2  1  0  2  0  0  0  0  0
  3  0  0  2  0  0  0  0  0  0
  1  0  0  0  0  1  0  0  0  0
  3  0  0  1  2  0  2  2  1  1
  0  0  0  0  0  2  0  0  0  0
  0  0  0  0  0  0  0  0  0  0
  0  0  0  0  0  0  0  0  0  0
  3  1  0  0  0  0  0  0  0  0

------------------------------ 
Day: 80
------------------------------ 
  2  0  2  0  1  0  0  0  0  0
  0  2  0  0  1  0  0  0  0  0
  2  2  1  1  3  0  0  0  0  0
  0  0  0  3  0  0  0  0  0  0
  2  0  0  0  0  1  0  0  0  0
  0  0  0  1  2  0  3  2  1  2
  0  0  0  0  1  3  0  0  0  0
  0  0  0  0  0  0  0  0  0  0
  0  0  0  0  0  0  0  0  0  0
  0  2  0  0  0  0  0  0  0  0

------------------------------ 
Day: 81
------------------------------ 
  3  1  3  0  1  0  0  0  0  0
  0  3  0  0  2  0  0  0  0  0
  3  2  1  2  0  0  0  0  0  0
  1  0  0  0  0  0  0  0  0  0
  3  0  0  0  0  1  0  0  0  0
  1  0  0  1  2  0  0  2  1  3
  0  0  0  0  2  0  0  0  0  0
  0  0  0  0  0  0  0  0  0  0
  0  0  0  0  0  0  0  0  0  0
  1  3  0  0  0  0  0  0  0  0

------------------------------ 
Day: 82
------------------------------ 
  0  2  0  0  1  0  0  0  0  0
  0  0  0  0  3  0  0  0  0  0
  0  2  1  3  1  0  0  0  0  0
  2  0  0  1  0  0  0  0  0  0
  0  0  0  0  0  1  0  0  0  0
  2  0  0  1  2  0  1  2  1  0
  0  0  0  0  3  1  0  0  0  0
  0  0  0  0  0  0  0  0  0  0
  0  0  0  0  0  0  0  0  0  0
  2  0  0  0  0  0  0  0  0  0

------------------------------ 
Day: 83
------------------------------ 
  1  3  1  0  1  0  0  0  0  0
  0  1  0  0  0  0  0  0  0  0
  1  2  1  0  2  0  0  0  0  0
  3  0  0  2  0  0  0  0  0  0
  1  0  0  0  0  1  0  0  0  0
  3  0  0  1  2  0  2  2  1  1
  0  0  0  0  0  2  0  0  0  0
  0  0  0  0  0  0  0  0  0  0
  0  0  0  0  0  0  0  0  0  0
  3  1  0  0  0  0  0  0  0  0

------------------------------ 
Day: 84
------------------------------ 
  2  0  2  0  1  0  0  0  0  0
  0  2  0  0  1  0  0  0  0  0
  2  2  1  1  3  0  0  0  0  0
  0  0  0  3  0  0  0  0  0  0
  2  0  0  0  0  1  0  0  0  0
  0  0  0  1  2  0  3  2  1  2
  0  0  0  0  1  3  0  0  0  0
  0  0  0  0  0  0  0  0  0  0
  0  0  0  0  0  0  0  0  0  0
  0  2  0  0  0  0  0  0  0  0

------------------------------ 
Day: 85
------------------------------ 
  3  1  3  0  1  0  0  0  0  0
  0  3  0  0  2  0  0  0  0  0
  3  2  1  2  0  0  0  0  0  0
  1  0  0  0  0  0  0  0  0  0
  3  0  0  0  0  1  0  0  0  0
  1  0  0  1  2  0  0  2  1  3
  0  0  0  0  2  0  0  0  0  0
  0  0  0  0  0  0  0  0  0  0
  0  0  0  0  0  0  0  0  0  0
  1  3  0  0  0  0  0  0  0  0

------------------------------ 
Day: 86
------------------------------ 
  0  2  0  0  1  0  0  0  0  0
  0  0  0  0  3  0  0  0  0  0
  0  2  1  3  1  0  0  0  0  0
  2  0  0  1  0  0  0  0  0  0
  0  0  0  0  0  1  0  0  0  0
  2  0  0  1  2  0  1  2  1  0
  0  0  0  0  3  1  0  0  0  0
  0  0  0  0  0  0  0  0  0  0
  0  0  0  0  0  0  0  0  0  0
  2  0  0  0  0  0  0  0  0  0

------------------------------ 
Day: 87
------------------------------ 
  1  3  1  0  1  0  0  0  0  0
  0  1  0  0  0  0  0  0  0  0
  1  2  1  0  2  0  0  0  0  0
  3  0  0  2  0  0  0  0  0  0
  1  0  0  0  0  1  0  0  0  0
  3  0  0  1  2  0  2  2  1  1
  0  0  0  0  0  2  0  0  0  0
  0  0  0  0  0  0  0  0  0  0
  0  0  0  0  0  0  0  0  0  0
  3  1  0  0  0  0  0  0  0  0

------------------------------ 
Day: 88
------------------------------ 
  2  0  2  0  1  0  0  0  0  0
  0  2  0  0  1  0  0  0  0  0
  2  2  1  1  3  0  0  0  0  0
  0  0  0  3  0  0  0  0  0  0
  2  0  0  0  0  1  0  0  0  0
  0  0  0  1  2  0  3  2  1  2
  0  0  0  0  1  3  0  0  0  0
  0  0  0  0  0  0  0  0  0  0
  0  0  0  0  0  0  0  0  0  0
  0  2  0  0  0  0  0  0  0  0

------------------------------ 
Day: 89
------------------------------ 
  3  1  3  0  1  0  0  0  0  0
  0  3  0  0  2  0  0  0  0  0
  3  2  1  2  0  0  0  0  0  0
  1  0  0  0  0  0  0  0  0  0
  3  0  0  0  0  1  0  0  0  0
  1  0  0  1  2  0  0  2  1  3
  0  0  0  0  2  0  0  0  0  0
  0  0  0  0  0  0  0  0  0  0
  0  0  0  0  0  0  0  0  0  0
  1  3  0  0  0  0  0  0  0  0

------------------------------ 
Day: 90
------------------------------ 
  0  2  0  0  1  0  0  0  0  0
  0  0  0  0  3  0  0  0  0  0
  0  2  1  3  1  0  0  0  0  0
  2  0  0  1  0  0  0  0  0  0
  0  0  0  0  0  1  0  0  0  0
  2  0  0  1  2  0  1  2  1  0
  0  0  0  0  3  1  0  0  0  0
  0  0  0  0  0  0  0  0  0  0
  0  0  0  0  0  0  0  0  0  0
  2  0  0  0  0  0  0  0  0  0

------------------------------ 
Day: 91
------------------------------ 
  1  3  1  0  1  0  0  0  0  0
  0  1  0  0  0  0  0  0  0  0
  1  2  1  0  2  0  0  0  0  0
  3  0  0  2  0  0  0  0  0  0
  1  0  0  0  0  1  0  0  0  0
  3  0  0  1  2  0  2  2  1  1
  0  0  0  0  0  2  0  0  0  0
  0  0  0  0  0  0  0  0  0  0
  0  0  0  0  0  0  0  0  0  0
  3  1  0  0  0  0  0  0  0  0

------------------------------ 
Day: 92
------------------------------ 
  2  0  2  0  1  0  0  0  0  0
  0  2  0  0  1  0  0  0  0  0
  2  2  1  1  3  0  0  0  0  0
  0  0  0  3  0  0  0  0  0  0
  2  0  0  0  0  1  0  0  0  0
  0  0  0  1  2  0  3  2  1  2
  0  0  0  0  1  3  0  0  0  0
  0  0  0  0  0  0  0  0  0  0
  0  0  0  0  0  0  0  0  0  0
  0  2  0  0  0  0  0  0  0  0

------------------------------ 
Day: 93
------------------------------ 
  3  1  3  0  1  0  0  0  0  0
  0  3  0  0  2  0  0  0  0  0
  3  2  1  2  0  0  0  0  0  0
  1  0  0  0  0  0  0  0  0  0
  3  0  0  0  0  1  0  0  0  0
  1  0  0  1  2  0  0  2  1  3
  0  0  0  0  2  0  0  0  0  0
  0  0  0  0  0  0  0  0  0  0
  0  0  0  0  0  0  0  0  0  0
  1  3  0  0  0  0  0  0  0  0

------------------------------ 
Day: 94
------------------------------ 
  0  2  0  0  1  0  0  0  0  0
  0  0  0  0  3  0  0  0  0  0
  0  2  1  3  1  0  0  0  0  0
  2  0  0  1  0  0  0  0  0  0
  0  0  0  0  0  1  0  0  0  0
  2  0  0  1  2  0  1  2  1  0
  0  0  0  0  3  1  0  0  0  0
  0  0  0  0  0  0  0  0  0  0
  0  0  0  0  0  0  0  0  0  0
  2  0  0  0  0  0  0  0  0  0

------------------------------ 
Day: 95
------------------------------ 
  1  3  1  0  1  0  0  0  0  0
  0  1  0  0  0  0  0  0  0  0
  1  2  1  0  2  0  0  0  0  0
  3  0  0  2  0  0  0  0  0  0
  1  0  0  0  0  1  0  0  0  0
  3  0  0  1  2  0  2  2  1  1
  0  0  0  0  0  2  0  0  0  0
  0  0  0  0  0  0  0  0  0  0
  0  0  0  0  0  0  0  0  0  0
  3  1  0  0  0  0  0  0  0  0

------------------------------ 
Day: 96
------------------------------ 
  2  0  2  0  1  0  0  0  0  0
  0  2  0  0  1  0  0  0  0  0
  2  2  1  1  3  0  0  0  0  0
  0  0  0  3  0  0  0  0  0  0
  2  0  0  0  0  1  0  0  0  0
  0  0  0  1  2  0  3  2  1  2
  0  0  0  0  1  3  0  0  0  0
  0  0  0  0  0  0  0  0  0  0
  0  0  0  0  0  0  0  0  0  0
  0  2  0  0  0  0  0  0  0  0

------------------------------ 
Day: 97
------------------------------ 
  3  1  3  0  1  0  0  0  0  0
  0  3  0  0  2  0  0  0  0  0
  3  2  1  2  0  0  0  0  0  0
  1  0  0  0  0  0  0  0  0  0
  3  0  0  0  0  1  0  0  0  0
  1  0  0  1  2  0  0  2  1  3
  0  0  0  0  2  0  0  0  0  0
  0  0  0  0  0  0  0  0  0  0
  0  0  0  0  0  0  0  0  0  0
  1  3  0  0  0  0  0  0  0  0

------------------------------ 
Day: 98
------------------------------ 
  0  2  0  0  1  0  0  0  0  0
  0  0  0  0  3  0  0  0  0  0
  0  2  1  3  1  0  0  0  0  0
  2  0  0  1  0  0  0  0  0  0
  0  0  0  0  0  1  0  0  0  0
  2  0  0  1  2  0  1  2  1  0
  0  0  0  0  3  1  0  0  0  0
  0  0  0  0  0  0  0  0  0  0
  0  0  0  0  0  0  0  0  0  0
  2  0  0  0  0  0  0  0  0  0

------------------------------ 
Day: 99
------------------------------ 
  1  3  1  0  1  0  0  0  0  0
  0  1  0  0  0  0  0  0  0  0
  1  2  1  0  2  0  0  0  0  0
  3  0  0  2  0  0  0  0  0  0
  1  0  0  0  0  1  0  0  0  0
  3  0  0  1  2  0  2  2  1  1
  0  0  0  0  0  2  0  0  0  0
  0  0  0  0  0  0  0  0  0  0
  0  0  0  0  0  0  0  0  0  0
  3  1  0  0  0  0  0  0  0  0

