0
0
0
0
0
0
0
0
0
0
0
0
0
0
0
0
0
0
0
0
0
0
0
0
0
0
0
0
0
0
0
0
0
0
0
0
0
0
0
0
0
0
0
0
0
0
0
0
0
0
0
0
0
0
0
0
0
0
0
0
0
0
0
0
0
0
0
0
0
0
0
0
0
0
0
0
0
0
0
0
0
0
0
0
0
0
0
0
0
0
0
0
0
0
0
0
0
0
0
0
0
0
0
0
0
0
2
2
2
4
5
6
9
12
14
18
21
23
29
29
30
37
38
40
45
46
47
47
51
46
46
44
39
37
37
31
31
24
24
20
18
17
17
19
20
25
17
16
18
19
19
15
13
18
14
17
21
18
15
20
19
17
16
15
17
17
17
18
20
14
16
18
21
15
17
17
18
16
16
21
19
9
14
14
19
18
17
14
21
12
18
14
26
12
19
14
22
15
16
17
0
0
0
0
0
0
1
1
1
2
2
2
4
4
4
7
7
6
7
7
6
6
6
4
6
6
3
6
6
5
5
5
6
5
7
3
6
3
6
0
3
2
6
0
4
2
6
0
4
2
6
0
4
2
6
0
4
2
6
0
4
2
6
0
4
2
6
0
4
2
6
0
4
2
6
0
4
2
6
0
4
2
6
0
4
2
6
0
4
2
6
0
4
2
6
0
4
2
6
0
0
0
0
0
0
0
2
2
2
5
5
5
7
7
7
8
8
6
7
7
4
4
4
3
2
2
2
2
2
0
1
1
1
0
1
3
3
2
4
2
6
3
6
6
10
6
8
7
10
8
13
10
14
15
15
14
21
16
17
14
17
13
14
10
9
7
6
2
4
6
3
4
4
7
3
4
4
7
3
4
4
7
3
4
4
7
3
4
4
7
3
4
4
7
3
4
4
7
3
4
