100
100
100
100
100
100
100
100
100
100
100
100
100
100
100
100
100
100
100
100
100
100
100
100
100
100
100
100
100
100
100
100
100
100
100
100
100
100
100
100
100
100
100
100
100
100
100
100
100
100
100
100
100
100
100
100
100
100
100
100
100
100
100
100
100
100
100
100
100
100
100
100
100
100
100
100
100
100
100
100
100
100
100
100
100
100
100
100
100
100
100
100
100
100
100
100
100
100
100
100
98
94
92
91
86
83
80
75
70
66
59
56
51
44
42
38
23
24
21
9
10
9
9
10
13
16
16
19
21
26
23
25
28
28
23
27
29
32
29
32
34
31
27
19
20
22
28
23
22
25
31
31
32
29
26
21
24
24
24
22
24
28
28
28
26
25
22
25
27
29
22
23
23
27
24
26
27
24
18
27
35
40
30
25
22
28
24
30
25
33
19
25
20
32
22
26
24
29
23
20
99
98
98
98
96
96
96
93
93
93
91
91
91
90
90
90
88
89
89
86
87
87
86
88
88
88
91
91
91
92
91
91
89
90
87
91
85
88
88
92
86
89
87
91
85
89
87
91
85
89
87
91
85
89
87
91
85
89
87
91
85
89
87
91
85
89
87
91
85
89
87
91
85
89
87
91
85
89
87
91
85
89
87
91
85
89
87
91
85
89
87
91
85
89
87
91
85
89
87
91
98
92
92
92
88
88
88
86
86
86
85
85
85
84
84
84
84
86
86
86
89
88
88
90
90
89
89
90
90
91
90
91
91
91
90
88
86
87
82
82
79
82
76
79
75
75
74
75
68
71
66
69
67
70
69
72
69
74
72
73
71
77
75
77
79
80
80
80
79
79
81
77
78
78
81
77
78
78
81
77
78
78
81
77
78
78
81
77
78
78
81
77
78
78
81
77
78
78
81
77
